10000
100
300
16 665 1
6 501 8
25 904 7
18 591 5
7 683 6
22 88 1
24 497 9
22 565 7
31 414 9
49 389 2
6 586 1
48 573 4
9 566 5
17 538 1
20 381 6
46 510 3
24 76 3
27 281 9
16 865 6
5 887 5
10 433 6
6 570 9
41 985 5
1 883 1
24 649 3
17 561 6
31 825 8
25 340 9
19 688 7
17 900 2
48 421 9
36 632 2
40 37 4
29 973 2
32 317 9
6 186 3
25 667 8
16 260 3
49 245 7
7 38 6
41 745 1
5 952 3
4 390 1
48 904 8
6 751 7
1 32 3
33 255 2
18 651 9
46 66 1
25 80 3
18 301 7
33 879 2
28 385 5
43 804 8
45 456 2
46 272 5
20 968 7
11 933 9
29 226 9
9 532 8
17 192 9
7 906 3
20 26 9
45 306 2
23 719 6
34 301 7
40 955 3
21 350 8
42 462 6
3 818 5
15 892 7
20 993 1
22 229 7
30 270 6
46 21 2
28 669 3
30 530 4
34 574 9
13 454 1
14 516 6
16 994 6
41 473 6
20 266 9
33 322 8
30 601 8
1 121 9
45 310 7
40 699 2
45 660 6
38 979 6
38 346 9
2 232 2
46 981 7
45 901 2
40 453 8
17 917 3
6 752 4
7 911 1
41 746 3
11 156 7
13 957 1
17 763 5
5 565 5
36 591 3
2 830 4
48 303 9
9 114 4
12 794 4
47 917 9
28 937 3
17 89 3
39 84 7
37 396 4
29 10 8
3 528 9
38 988 3
41 793 9
11 689 1
38 377 8
24 795 6
10 363 4
33 423 4
47 209 4
7 420 2
3 396 7
30 151 2
10 41 9
4 536 5
18 266 3
48 977 3
6 826 5
7 926 3
19 602 4
1 574 8
37 997 7
37 139 4
46 300 7
30 596 9
4 538 2
15 45 7
41 769 4
12 84 2
14 788 7
39 717 5
13 442 9
46 647 3
24 883 5
35 99 4
2 264 9
6 474 6
27 243 9
30 215 2
46 531 4
25 120 9
31 118 8
18 204 6
10 246 4
31 4 3
32 13 3
39 975 8
41 434 8
48 369 4
24 269 4
29 174 4
26 938 4
1 997 7
39 489 9
40 994 1
41 546 4
42 682 7
11 166 6
34 484 5
34 3 3
23 946 6
35 32 5
43 700 1
40 318 1
3 487 2
17 587 7
37 318 2
21 434 3
49 898 8
47 924 1
22 762 8
46 531 3
7 348 7
21 854 8
48 296 8
24 955 7
36 2 9
22 692 9
19 459 4
34 672 9
41 37 5
21 289 4
7 523 7
1 20 6
35 984 4
11 849 2
15 442 1
47 881 8
21 51 8
19 434 2
35 34 2
42 234 9
30 66 7
42 228 8
28 476 8
40 578 9
1 559 9
45 18 5
3 542 8
25 595 9
6 255 5
26 847 4
32 620 4
30 641 6
47 46 4
30 566 4
4 439 4
9 104 3
16 532 3
45 184 3
39 168 3
35 520 3
14 248 2
30 873 1
41 417 2
30 300 7
9 89 5
46 508 9
44 876 7
25 243 1
12 759 4
40 180 1
7 18 3
37 775 2
29 962 3
9 773 3
26 503 1
32 993 5
22 262 7
3 286 4
4 662 4
30 644 3
18 79 9
48 306 1
8 965 6
46 822 2
45 442 1
13 265 3
47 829 1
25 232 6
40 809 1
28 294 5
32 640 2
18 816 8
14 975 9
11 535 2
45 950 1
30 591 4
11 685 2
33 388 6
31 381 5
22 141 1
45 846 8
3 516 2
42 643 4
41 909 7
10 368 9
27 959 6
31 677 6
43 502 4
23 719 4
22 709 7
26 397 7
3 861 7
2 844 9
33 592 8
1 365 4
46 167 6
40 699 5
29 792 1
38 114 8
12 36 6
34 8 4
41 950 9
1 400 4
21 331 9
23 995 4
46 63 9
31 406 3
28 427 2
29 515 7
20 488 4
23 485 2
33 72 7
7 763 8
42 923 5
25 896 7
24 333 7
12 908 5
19 739 8
37 327 8
2 391 7
31 77 5
48 64 4
15 213 1
26 523 3
22 150 8
1 613 7
10 644 3
39 659 4
24 169 6
45 287 7
26 49 1
5 179 1
22 909 4
23 78 4
45 15 7
6 715 8
6 959 3
26 873 4
6 164 8
23 65 7
46 501 1
16 957 8
4 786 5
30 750 8
29 929 5
33 782 6
23 360 8
49 290 7
41 591 8
36 311 7
44 558 1
37 408 3
28 644 5
31 479 6
27 153 7
33 96 4
15 79 1
22 587 2
47 438 6
22 80 1
33 799 9
24 645 1
36 233 5
48 752 6
42 437 3
3 147 7
1 469 4
31 927 3
29 832 8
46 627 6
11 813 3
17 892 6
32 540 4
15 822 6
48 209 2
14 347 2
47 21 9
28 26 9
49 932 1
10 771 6
3 133 6
14 293 5
43 380 4
16 599 4
15 585 5
19 772 9
16 974 2
21 270 7
5 683 3
25 214 6
4 97 3
28 694 5
18 370 6
19 74 8
29 994 6
45 134 3
16 73 3
49 282 9
29 407 7
37 561 2
21 527 9
45 400 9
27 508 7
44 393 6
25 874 1
14 163 8
34 322 6
32 653 9
45 620 1
15 436 2
13 309 6
38 371 9
5 915 2
19 40 7
38 342 7
31 128 7
22 886 4
21 312 7
5 673 5
22 373 7
12 624 7
17 959 9
27 918 3
9 745 6
41 75 3
48 339 4
37 671 5
21 425 1
6 40 6
20 483 9
49 36 9
25 224 5
47 885 2
43 809 8
2 388 8
8 215 4
24 732 8
31 699 8
19 770 9
29 845 5
36 80 4
46 219 9
10 635 3
30 242 1
20 798 2
34 645 7
46 909 7
35 915 3
20 256 7
21 321 5
49 204 1
22 247 2
15 689 6
45 888 4
37 589 7
25 864 3
13 490 3
42 700 6
39 357 9
11 499 6
19 609 9
30 441 3
13 219 6
20 545 9
49 512 1
5 944 7
1 619 2
3 424 8
12 340 5
30 854 8
48 812 3
47 13 2
32 954 2
14 710 7
17 803 3
20 468 2
9 630 6
28 919 5
13 250 2
43 876 7
30 559 6
31 63 1
23 789 9
22 711 8
17 434 7
10 983 6
21 506 3
18 928 3
41 233 9
36 774 1
8 54 1
34 117 7
46 405 3
7 136 9
43 573 8
2 229 1
45 486 9
20 244 8
39 364 6
3 467 5
7 126 3
44 589 9
18 153 8
10 769 8
32 150 4
9 534 6
13 671 3
47 628 1
2 606 4
42 573 2
4 123 8
29 97 9
44 992 8
29 601 2
8 352 5
43 958 7
10 842 9
23 228 7
6 45 9
48 523 3
42 158 9
44 2 6
43 609 5
32 946 1
30 586 1
27 102 2
27 721 4
37 649 6
16 566 3
12 117 2
34 767 6
33 799 6
14 84 2
38 490 2
27 787 9
2 407 1
35 320 1
30 196 9
44 382 5
28 484 5
30 76 6
9 279 2
36 627 2
18 395 3
27 900 6
21 216 8
4 297 1
34 706 5
34 389 8
9 108 3
12 668 7
40 383 4
42 535 1
7 733 8
25 642 5
32 566 4
1 889 4
12 488 7
8 12 8
9 307 7
32 929 6
6 645 8
12 254 2
25 557 5
33 482 7
14 815 6
22 247 1
44 812 9
16 147 2
25 629 9
6 464 1
36 8 6
42 976 5
47 278 1
31 745 5
13 840 1
20 216 2
6 451 1
19 250 3
38 721 9
23 971 4
43 387 1
41 70 4
7 117 9
3 416 6
7 172 6
3 670 6
40 517 4
37 920 8
5 171 8
8 295 4
23 940 2
15 470 6
1 699 3
49 342 4
2 161 5
23 407 6
42 891 9
4 581 1
28 903 8
39 926 5
44 113 6
33 470 7
47 974 2
41 622 1
48 877 6
23 580 8
49 944 5
29 860 9
34 576 9
5 531 5
13 697 7
11 617 8
36 642 7
49 606 6
3 924 9
4 489 3
14 967 9
19 597 4
16 298 3
9 239 2
2 435 4
25 545 6
1 319 8
21 612 1
47 329 7
21 68 7
28 516 1
8 3 4
23 108 2
46 735 6
33 529 7
26 39 2
8 16 3
37 871 2
4 227 6
2 679 2
24 808 2
6 838 5
34 69 4
39 73 7
30 383 4
20 696 5
29 68 2
38 419 6
7 75 6
27 960 7
17 563 4
39 570 5
14 859 8
11 447 8
37 291 2
2 543 4
27 32 6
19 791 8
49 155 2
25 449 5
11 742 7
46 550 1
33 314 4
44 702 8
36 169 1
47 961 3
43 119 7
1 375 4
47 319 3
41 896 1
34 786 2
10 797 9
14 486 7
40 639 6
22 330 4
39 939 8
22 884 1
45 232 4
46 836 5
37 55 9
49 565 2
5 368 5
36 35 2
15 704 9
48 543 3
31 560 3
9 579 5
12 70 9
5 385 5
46 835 5
17 869 9
21 229 5
21 183 3
39 762 2
29 232 4
32 199 3
45 342 6
18 62 1
49 451 8
37 266 3
22 683 6
47 208 9
14 638 9
38 896 5
18 903 1
22 145 8
41 840 7
2 33 5
47 950 3
31 713 7
39 810 3
35 808 3
8 792 8
10 515 3
48 962 3
24 833 3
22 249 4
1 944 7
26 271 2
47 614 3
16 246 1
8 36 7
39 930 4
30 832 5
31 784 2
19 454 6
22 323 9
49 168 7
15 52 7
27 704 6
15 830 8
19 111 5
22 473 6
47 274 9
33 408 9
3 778 4
32 530 9
8 659 3
40 479 9
28 940 9
1 474 1
9 890 1
35 997 6
39 25 7
35 767 9
25 190 3
34 279 9
34 847 1
41 275 1
20 833 4
34 855 9
39 585 7
4 58 2
15 923 8
9 732 9
11 549 7
49 548 7
42 768 5
48 379 9
36 150 3
23 783 9
38 830 8
40 400 9
16 684 4
2 956 6
45 624 4
2 902 9
45 604 2
45 106 1
41 886 6
12 886 3
12 298 2
44 11 5
6 22 4
33 74 3
14 933 3
26 791 5
49 644 5
23 339 2
43 151 5
35 68 6
33 228 4
25 932 5
26 241 6
48 76 7
3 605 3
7 660 9
2 507 4
44 632 1
33 416 5
4 6 7
28 342 9
49 536 3
13 705 9
28 814 1
7 258 2
39 659 2
41 638 4
47 82 4
19 530 5
46 434 8
42 115 8
22 871 3
31 712 5
35 98 6
11 380 3
33 213 2
26 387 7
35 266 7
37 468 4
31 583 5
7 396 9
47 415 6
38 12 5
5 706 3
45 12 2
22 533 8
41 930 5
5 428 9
13 658 9
47 37 4
18 6 3
2 471 1
5 123 3
48 230 4
7 43 7
35 101 6
34 219 8
39 597 1
2 755 1
46 941 8
20 870 5
14 376 5
1 47 8
15 314 3
48 556 7
16 590 6
49 911 8
27 343 9
41 431 7
16 364 1
44 722 6
30 622 1
25 477 9
18 17 5
17 947 2
19 281 5
4 987 6
4 278 4
32 298 2
2 706 3
10 695 5
29 550 3
10 743 9
13 833 7
34 331 7
32 716 8
6 90 4
24 387 2
46 487 3
19 301 4
44 53 3
41 611 4
34 508 6
13 72 1
2 334 5
49 568 8
27 365 5
32 354 4
48 596 2
11 803 3
49 59 1
11 802 6
18 656 1
7 534 9
49 734 7
8 640 5
11 815 7
17 965 7
19 86 8
14 37 1
48 243 5
41 556 6
18 370 2
41 583 5
29 29 7
17 319 7
34 325 1
43 138 9
26 860 4
20 700 4
47 956 1
8 681 8
37 205 6
35 753 2
3 680 3
2 755 4
36 265 3
34 574 3
22 755 5
3 403 2
46 40 1
48 5 7
28 102 2
47 423 8
29 503 1
12 76 8
17 499 9
2 590 7
37 31 3
48 626 9
3 411 3
49 910 7
34 836 7
19 840 4
1 223 9
18 732 3
22 687 5
18 130 9
42 636 3
22 66 5
31 118 2
12 468 9
31 235 8
28 186 1
35 510 7
12 889 1
7 795 1
13 494 4
14 278 7
37 620 9
34 205 1
8 789 7
16 660 8
25 74 2
43 452 7
5 299 4
21 408 5
9 277 1
25 497 9
6 535 7
6 579 3
31 479 8
31 144 8
40 410 9
27 836 2
3 645 1
28 851 3
32 858 8
37 235 9
34 179 3
44 192 3
49 392 4
16 965 1
28 430 3
21 406 1
28 686 5
11 878 9
27 776 9
48 313 1
29 47 6
11 317 6
27 46 8
47 586 9
30 754 6
12 903 7
28 205 6
40 956 1
19 286 1
28 469 7
46 721 7
30 577 6
34 335 6
5 753 7
12 413 4
8 724 6
18 242 1
44 609 2
17 398 7
26 465 7
48 46 6
34 755 4
17 504 5
2 683 1
8 976 7
14 96 1
35 165 6
15 589 3
47 808 4
31 474 9
4 461 7
42 536 3
13 732 9
43 815 5
34 652 8
17 715 5
8 907 5
28 433 8
20 967 3
12 795 8
31 824 8
29 338 3
35 70 5
33 634 8
32 784 2
49 372 6
36 401 3
10 550 2
26 711 5
49 280 5
8 160 1
3 675 3
19 739 9
28 416 1
32 546 9
38 386 2
14 750 4
43 522 4
47 291 3
23 864 2
2 434 8
45 461 5
46 200 3
19 663 5
9 106 8
7 459 4
34 439 6
48 390 3
23 28 6
41 36 5
12 929 4
25 533 5
11 185 6
3 671 9
40 626 4
6 273 3
3 980 7
17 152 8
9 335 8
13 959 5
24 26 7
49 690 8
41 630 3
28 22 5
37 560 8
3 231 1
20 417 8
5 870 6
48 549 5
49 744 8
35 601 4
13 272 9
22 217 7
18 73 1
16 502 9
33 611 5
17 858 8
16 119 2
25 782 1
20 595 6
38 873 3
7 704 2
40 463 2
14 490 9
20 738 6
14 552 5
42 922 5
22 830 4
15 707 2
39 325 2
8 363 8
38 844 9
40 180 1
5 998 3
14 41 9
5 866 3
35 424 4
25 412 5
33 138 9
8 431 8
47 754 8
43 708 3
7 564 3
16 257 8
37 577 2
46 308 1
27 780 8
45 569 5
21 794 5
35 236 3
2 927 7
19 23 1
48 943 6
21 591 8
15 18 8
48 118 7
36 442 3
20 196 3
21 646 4
14 780 3
37 361 2
48 750 4
35 511 9
47 543 5
39 843 5
34 609 3
31 987 3
22 121 8
30 139 5
44 179 1
27 390 1
32 526 3
45 14 9
30 853 9
2 583 3
1 779 8
24 187 2
9 867 5
45 827 6
10 423 4
41 47 6
41 905 7
33 459 9
11 933 6
14 356 1
48 26 5
16 497 1
9 493 1
44 648 9
45 169 8
33 992 7
41 41 2
31 783 2
29 730 5
40 424 9
6 427 5
12 67 6
41 610 1
21 334 9
29 939 5
15 43 6
7 32 1
39 432 7
10 695 7
3 955 6
14 513 9
4 865 3
1 201 7
9 822 8
27 839 8
22 674 5
39 811 7
16 437 5
33 446 6
14 55 6
15 335 5
34 314 4
49 486 4
17 65 6
27 416 7
40 707 3
28 932 4
38 849 6
6 959 8
14 275 8
49 937 8
16 94 6
26 808 5
26 691 5
41 796 6
45 62 8
19 248 3
12 106 3
19 67 6
49 826 1
13 58 9
21 991 1
33 58 5
49 891 9
39 754 3
19 46 8
26 160 2
48 626 8
4 600 1
23 247 7
25 900 8
25 334 8
12 423 9
34 91 7
20 403 4
39 492 4
34 67 9
41 777 4
38 472 8
46 548 9
29 280 8
35 325 6
31 493 5
46 594 3
4 37 7
4 335 4
37 270 5
32 89 7
49 616 8
9 917 6
9 539 5
17 536 3
4 339 9
7 5 8
26 704 8
5 631 1
18 829 7
41 459 6
27 864 9
35 647 7
41 489 5
27 573 8
17 668 2
28 480 6
4 535 6
5 236 4
29 76 4
11 557 1
46 20 9
19 92 5
35 321 8
33 985 4
44 849 3
15 685 5
29 87 8
3 809 1
38 469 2
28 773 9
4 91 8
25 39 1
44 252 4
27 269 5
44 627 7
1 383 7
6 259 2
37 242 9
4 117 8
23 714 6
46 772 6
45 313 6
16 545 3
48 394 9
26 434 5
19 613 7
7 567 4
41 394 9
32 48 7
14 322 9
2 55 4
37 703 2
38 639 6
7 622 1
19 636 2
30 249 9
49 427 9
11 975 4
28 423 7
33 237 2
10 910 1
16 814 1
27 424 7
42 710 5
39 223 1
21 26 5
34 220 8
38 627 9
25 644 6
48 388 6
31 291 6
23 406 9
25 766 8
47 352 6
6 121 2
18 943 7
10 151 2
37 872 5
1 658 7
27 557 5
40 889 7
43 429 7
26 878 5
28 314 6
11 358 7
46 84 2
15 301 8
21 157 6
20 64 5
44 163 1
27 972 7
27 839 3
16 858 5
14 892 1
25 213 6
33 199 8
13 875 2
49 464 4
34 308 2
48 490 3
40 677 9
45 599 1
46 941 3
18 907 3
13 132 6
30 452 4
48 249 6
22 236 8
38 441 7
8 802 1
45 597 1
8 431 3
27 734 7
39 102 2
24 848 7
39 769 6
48 947 1
10 965 2
44 416 8
32 364 9
14 690 9
20 367 5
28 951 9
9 584 1
25 874 9
9 753 4
40 139 3
34 187 4
44 798 6
4 1 7
17 563 4
19 601 8
16 713 5
8 559 1
14 764 1
2 742 4
5 101 8
21 649 3
24 781 7
11 500 7
33 762 2
47 729 6
6 268 7
43 830 5
45 520 3
40 621 5
22 185 6
39 876 4
2 381 9
17 395 2
8 720 7
42 327 6
1 21 1
44 34 3
47 387 7
29 236 4
48 490 8
6 849 8
35 939 2
30 558 7
5 424 6
15 381 7
36 748 9
37 957 5
27 567 4
19 61 4
14 897 5
21 180 7
7 274 8
4 961 5
17 461 6
41 534 8
18 629 9
12 14 2
12 235 9
23 814 6
34 808 9
18 684 8
13 36 9
36 962 6
44 578 7
4 603 8
1 364 6
46 881 8
30 625 9
13 983 1
14 192 7
36 458 6
47 351 5
30 808 1
21 827 1
22 113 9
5 46 2
10 810 9
23 928 1
33 685 3
4 859 3
4 349 2
3 769 1
14 956 5
38 591 4
49 852 8
33 273 6
21 483 6
25 933 6
12 139 7
5 633 1
37 942 5
31 313 8
44 936 1
23 775 4
17 406 7
19 152 1
43 657 4
28 959 7
18 684 9
14 95 2
39 821 5
32 603 9
32 790 9
31 629 7
49 227 7
8 416 6
22 242 3
2 232 6
23 597 5
16 741 7
38 524 9
43 293 8
39 816 4
43 490 9
44 185 8
41 190 1
28 779 6
20 435 3
6 527 4
37 914 6
34 509 7
24 973 2
47 338 6
42 258 9
47 227 2
19 213 2
36 525 6
37 101 6
11 618 9
18 480 4
32 780 6
39 342 6
29 204 8
35 438 2
38 392 3
37 11 7
1 430 9
48 608 1
39 60 6
39 100 8
25 907 2
29 849 8
2 374 4
24 299 9
46 393 2
16 280 2
20 148 6
41 775 1
10 598 5
20 580 3
24 916 9
7 554 9
35 746 5
14 268 6
42 377 9
20 300 9
9 685 1
1 341 2
37 365 5
25 96 7
36 11 2
2 891 6
17 798 2
15 652 9
31 890 7
9 905 9
36 145 1
17 38 6
6 193 1
46 106 6
27 877 6
32 696 5
32 566 8
41 861 2
25 880 8
39 16 3
4 266 2
39 778 3
42 46 4
28 948 2
15 504 5
33 348 5
39 314 1
27 866 6
7 275 3
24 633 8
4 241 3
5 66 4
32 883 5
27 342 5
21 255 3
44 631 8
13 83 6
39 126 7
41 692 9
12 392 2
3 848 7
5 926 9
31 943 9
41 810 7
36 634 9
48 10 7
15 632 7
12 506 6
41 773 2
22 313 6
5 578 5
41 116 1
27 423 7
4 264 7
5 868 1
34 895 8
41 694 7
14 139 9
29 253 7
43 592 2
35 788 3
3 520 8
12 852 8
47 668 1
33 311 2
49 751 4
40 622 4
29 162 5
43 58 6
35 439 3
21 978 5
8 244 9
44 597 3
18 263 4
19 771 8
37 754 3
23 223 1
1 526 1
32 171 2
3 648 9
49 271 3
27 616 3
31 237 3
38 838 3
7 402 6
47 233 3
38 509 9
35 922 1
47 51 7
4 146 6
6 799 6
33 799 7
45 103 1
7 280 8
16 562 2
6 696 9
36 434 4
46 397 6
17 467 9
43 419 9
13 692 6
4 265 2
25 381 3
15 793 4
7 45 5
9 626 5
18 10 6
4 417 4
30 94 9
19 491 2
38 693 7
27 970 2
26 939 2
6 836 2
10 936 2
5 360 4
27 621 2
25 946 2
34 259 6
45 46 8
29 454 7
33 1 4
3 485 5
27 728 3
22 730 1
49 51 7
15 106 6
14 46 4
33 987 8
48 117 9
4 569 1
11 37 1
23 785 8
31 632 4
34 651 4
3 607 1
44 842 7
24 368 5
47 37 9
2 942 6
9 576 5
3 349 5
15 231 4
26 163 5
36 698 8
12 493 2
11 906 6
6 279 2
21 275 2
2 433 5
42 237 4
22 858 1
29 860 7
20 883 5
23 218 9
14 313 6
37 937 2
13 915 9
6 855 4
7 618 4
16 603 4
34 96 6
29 852 8
22 939 8
44 425 7
35 960 3
7 434 1
47 406 7
32 963 6
13 424 9
45 166 8
38 327 5
43 413 8
25 217 1
19 619 9
7 37 5
4 243 6
25 863 5
17 176 4
10 175 4
6 291 7
45 762 8
8 164 6
21 76 5
9 660 2
1 574 1
3 130 9
14 983 5
40 50 8
42 903 2
33 162 4
26 146 7
12 952 9
19 433 3
18 526 3
8 95 8
24 99 2
28 252 1
11 398 6
11 781 6
45 826 3
11 136 4
43 316 8
43 219 8
35 623 3
38 586 5
23 861 4
32 974 1
8 226 2
5 789 9
33 560 4
4 109 4
16 634 3
34 583 5
22 747 7
44 507 5
12 436 1
15 383 1
34 330 1
47 46 6
9 152 7
6 809 5
18 882 9
4 324 4
41 566 1
37 852 2
15 279 5
42 662 7
48 253 3
48 167 1
14 468 8
38 700 6
34 998 6
4 118 5
40 556 3
24 656 7
4 4 6
2 896 8
48 873 6
9 595 2
29 852 1
49 486 7
31 41 3
41 432 1
9 399 7
14 251 3
3 652 4
41 319 9
48 71 8
5 519 6
16 147 3
36 385 2
36 43 4
33 722 3
32 746 3
27 680 1
7 659 2
43 117 3
21 995 9
47 986 5
22 537 5
17 833 2
11 575 7
3 761 6
45 945 4
29 683 8
32 631 7
15 511 4
21 936 9
16 64 4
42 923 8
48 650 3
25 448 2
17 357 4
6 527 1
10 357 8
42 815 9
8 555 6
10 332 3
33 215 3
47 443 5
12 163 4
22 476 1
10 145 4
23 172 8
38 459 4
38 249 9
38 638 5
27 743 1
30 277 9
2 227 8
11 411 8
36 819 4
26 588 4
5 199 2
5 32 1
17 53 5
32 892 1
10 499 5
27 372 1
4 11 2
31 57 6
15 161 5
32 489 5
46 397 5
21 411 1
22 607 6
35 800 7
33 827 1
17 456 1
23 183 2
9 887 3
36 733 1
27 196 3
46 137 1
16 727 7
35 427 8
42 921 7
29 849 3
22 671 8
3 383 8
25 492 1
7 848 5
23 269 9
14 343 1
30 987 5
30 233 7
35 133 9
28 579 9
18 509 2
36 855 4
41 784 8
25 635 7
45 286 3
35 225 4
1 849 7
12 289 3
46 151 1
44 952 3
37 523 5
43 35 2
33 671 3
27 38 5
1 586 2
36 512 8
29 389 2
45 225 2
30 448 8
26 135 4
17 134 2
28 117 9
9 903 4
42 984 3
31 928 3
8 440 8
35 144 9
49 745 7
40 914 2
36 67 1
17 498 6
5 717 6
41 18 6
17 464 6
8 410 4
7 578 2
11 475 1
13 230 5
31 289 8
17 365 2
19 128 2
25 539 5
32 913 5
24 640 9
32 757 3
14 569 4
42 586 1
4 634 4
45 502 4
5 73 6
12 919 8
38 737 4
8 81 7
37 571 5
9 193 4
19 593 3
20 212 1
1 909 4
17 712 1
4 692 9
6 913 9
41 875 5
15 731 2
22 780 5
30 205 8
40 135 5
20 428 7
34 278 6
35 634 4
16 784 9
41 93 4
31 407 3
10 264 2
14 578 5
22 426 9
16 284 8
10 720 3
1 40 9
46 594 1
38 168 8
39 270 8
18 538 9
7 272 3
23 707 2
9 696 2
18 869 6
23 381 5
1 600 6
49 715 5
32 877 9
17 60 6
4 611 4
40 128 3
1 338 6
7 742 6
33 263 1
30 34 2
17 202 7
27 763 8
6 71 3
14 907 8
47 804 4
41 729 5
49 103 1
46 783 2
4 634 3
35 220 9
13 978 2
26 949 6
37 164 3
23 353 7
33 223 9
35 31 6
32 766 9
11 420 6
25 842 9
47 184 1
45 545 6
20 243 7
30 993 9
2 674 8
11 781 5
3 208 6
25 798 4
35 891 7
32 229 2
11 73 4
48 893 6
4 457 5
16 400 8
37 75 4
31 107 9
49 301 7
33 105 3
32 57 9
46 221 3
36 950 1
35 465 2
12 460 6
46 884 7
17 622 9
11 24 8
10 750 9
44 112 3
2 594 5
7 336 1
29 615 5
21 179 1
27 727 1
19 784 1
34 64 8
31 956 2
14 245 4
34 854 8
24 302 7
21 478 7
9 49 9
47 367 5
44 45 2
5 258 1
47 687 8
6 562 9
15 552 8
26 676 4
21 477 8
36 292 6
15 777 9
45 729 4
20 768 3
3 634 9
41 212 9
3 560 3
7 983 3
8 670 3
5 13 1
4 605 2
11 501 4
5 34 2
6 382 2
46 991 5
39 645 7
34 845 8
2 827 7
15 556 9
8 321 3
10 425 4
36 344 7
7 846 3
12 16 6
7 179 4
1 312 1
40 102 8
31 828 4
42 44 1
1 424 5
31 882 6
24 431 5
40 127 2
34 137 7
30 229 5
32 37 2
35 209 2
42 24 2
10 745 9
2 764 7
26 810 5
37 769 3
45 861 1
17 557 2
1 239 5
47 896 3
42 176 2
34 640 7
13 835 4
3 599 9
23 408 8
22 249 3
41 185 6
42 217 3
41 923 7
39 920 2
2 521 4
8 825 2
48 381 8
6 512 2
46 362 4
39 531 1
15 169 3
23 401 3
41 364 5
6 5 4
8 359 9
27 73 3
11 450 5
18 955 2
11 352 3
5 449 1
45 736 7
29 74 3
17 737 6
24 684 9
37 92 7
11 853 6
26 328 5
3 69 3
41 676 3
15 276 9
1 398 6
44 383 7
32 10 3
15 919 2
32 470 3
40 464 7
45 882 1
1 105 4
13 924 4
26 141 7
36 286 6
13 527 1
23 984 1
8 303 1
32 207 1
48 491 3
33 791 2
2 713 7
22 775 1
9 766 7
23 134 4
3 615 6
33 719 8
39 747 4
41 537 1
30 463 5
21 657 1
46 605 3
7 655 1
44 202 1
28 521 9
19 729 9
6 926 5
25 403 2
41 516 8
48 298 2
24 369 8
30 891 9
6 688 4
23 684 8
15 738 6
16 417 3
44 684 1
23 87 6
16 365 8
4 724 7
45 374 6
19 824 3
37 351 6
20 885 4
32 474 1
2 688 2
24 424 1
44 119 5
1 239 9
33 40 1
23 265 3
1 10 8
7 159 5
4 804 7
29 431 1
21 558 4
48 352 4
22 21 4
10 404 8
9 737 1
27 879 4
38 357 2
18 621 7
36 799 1
10 294 8
5 125 5
44 863 5
20 477 8
3 770 4
13 826 9
5 88 6
28 647 2
1 609 8
11 45 4
37 557 9
13 338 7
38 356 4
47 754 1
30 651 4
41 5 8
13 852 4
19 898 2
20 714 7
23 894 7
25 525 5
10 474 9
5 580 2
12 195 9
47 59 9
27 293 4
19 634 8
43 682 5
44 791 5
44 584 7
35 297 9
21 786 3
11 332 6
49 79 3
6 940 7
41 689 2
6 868 3
17 285 9
47 304 6
49 815 4
36 865 2
2 727 4
6 740 9
43 977 4
11 475 7
43 602 2
27 83 3
24 768 8
15 995 3
18 40 8
11 232 8
19 379 3
7 392 2
28 131 6
49 790 3
24 429 2
22 776 3
29 29 4
26 25 8
14 118 9
40 49 6
46 675 5
47 223 9
16 739 4
38 305 8
37 858 4
47 807 3
29 21 4
49 501 9
16 551 7
22 705 1
15 110 1
39 928 5
12 902 5
25 727 1
44 158 3
18 515 9
22 881 9
35 745 5
23 381 4
13 267 6
4 914 5
26 141 6
36 337 5
13 914 2
9 101 4
49 605 3
16 641 2
31 518 6
23 699 6
8 301 9
32 90 2
35 24 7
26 479 1
15 759 3
48 887 4
11 439 3
2 503 4
2 818 9
15 605 3
3 414 6
1 948 5
15 37 8
42 327 1
41 720 1
49 381 5
3 748 9
31 56 7
48 183 4
48 33 3
5 266 2
34 867 4
35 471 5
1 935 7
10 596 4
25 367 4
12 68 5
17 22 6
13 431 6
29 252 2
38 901 6
5 961 7
8 521 9
39 760 5
20 720 4
19 598 9
35 561 4
33 485 7
20 873 3
7 544 9
49 821 9
14 836 6
46 100 3
17 805 4
16 840 4
36 364 5
31 755 7
8 482 3
48 880 3
49 851 4
16 147 5
5 313 1
46 653 2
25 640 3
1 209 5
33 672 6
47 117 4
10 328 6
42 328 3
2 266 8
26 392 8
6 607 5
42 592 8
1 586 8
19 350 7
23 602 3
25 380 9
17 242 2
29 674 3
38 550 7
5 851 2
27 398 4
26 26 8
46 835 9
15 68 7
43 845 3
21 969 2
25 475 1
17 562 8
44 830 7
14 412 9
38 891 1
29 861 8
27 413 3
16 186 8
46 670 4
7 694 9
45 654 4
26 878 6
45 850 7
1 836 5
27 228 4
35 630 7
13 356 5
24 428 1
34 758 3
16 387 1
3 692 6
13 635 8
19 171 9
14 288 8
8 835 1
27 213 7
47 163 3
25 520 5
25 73 7
44 383 6
5 420 2
40 659 4
13 381 3
31 135 9
49 612 7
21 144 3
20 151 3
27 204 7
8 768 7
14 515 9
46 575 6
6 602 7
17 755 8
31 41 7
47 296 4
5 746 3
27 24 8
42 202 4
20 709 4
47 303 3
42 808 1
16 197 6
20 823 4
39 576 6
32 461 2
7 596 1
43 910 4
2 849 8
1 369 5
20 541 8
9 749 5
26 413 4
12 910 7
33 621 4
22 400 3
26 576 4
28 574 3
47 265 5
20 568 2
48 972 2
7 272 4
47 199 2
15 915 9
36 335 9
42 777 1
30 975 9
11 958 6
15 186 9
25 141 8
31 251 7
25 818 6
5 652 6
35 667 1
40 686 2
11 285 2
33 362 4
19 512 5
7 646 8
2 332 2
11 656 9
9 441 6
49 156 9
13 930 8
22 238 9
49 138 4
32 28 5
41 485 1
4 83 7
33 803 3
37 217 1
26 293 9
5 742 9
25 326 2
3 114 6
33 442 6
3 804 6
2 459 4
40 801 3
33 16 5
15 679 5
16 325 7
16 489 2
16 543 1
9 871 4
31 443 2
48 979 5
49 124 2
7 106 1
23 290 5
4 8 9
20 914 7
30 452 1
29 212 1
44 405 5
38 989 5
24 819 2
25 486 9
42 911 6
33 177 8
32 804 4
20 292 9
32 88 1
24 498 5
20 565 2
28 841 7
25 768 7
23 867 4
14 599 5
47 764 8
6 814 1
8 429 2
25 932 7
23 534 9
27 493 6
46 682 8
11 981 8
15 652 1
23 816 6
25 19 2
11 111 3
26 819 6
47 776 8
4 716 1
29 567 6
23 735 1
29 647 1
16 121 4
14 643 7
24 844 6
30 618 8
14 50 5
49 587 7
19 599 9
8 583 8
34 105 3
36 160 8
29 81 2
45 171 4
49 311 8
37 421 4
19 596 6
48 702 8
10 390 3
26 475 1
34 887 4
26 310 1
17 441 7
22 216 6
23 605 1
40 191 5
44 520 6
6 132 3
32 801 6
22 245 1
18 30 6
43 608 7
22 67 6
36 805 5
37 187 6
11 492 5
34 620 1
28 58 4
34 674 4
33 786 3
32 259 5
9 633 8
15 69 2
19 646 5
28 536 9
39 485 5
41 476 1
12 262 4
43 825 2
2 555 4
22 365 1
37 142 1
25 195 5
46 684 9
38 106 2
18 782 9
35 624 8
29 151 8
11 213 4
11 329 8
13 745 1
27 210 6
48 329 9
13 171 8
45 975 3
40 213 2
6 372 2
32 512 9
47 252 5
34 702 7
42 931 5
48 635 7
10 8 2
45 992 8
31 798 9
37 399 5
10 279 5
39 631 3
41 719 2
5 368 9
35 849 1
16 530 5
33 270 1
13 701 2
49 788 8
48 74 8
17 622 7
1 494 6
27 840 2
14 155 7
25 484 1
18 13 8
31 510 6
6 26 2
16 448 6
1 751 5
49 150 3
20 451 8
3 448 1
34 393 2
16 425 7
28 195 1
29 617 4
29 418 3
23 28 7
46 806 1
42 872 4
14 222 2
12 486 9
25 821 5
15 596 5
15 378 1
36 697 5
27 541 6
40 893 7
30 696 9
45 306 7
12 781 3
26 896 9
19 928 2
9 33 1
16 692 8
18 638 9
35 381 9
39 663 8
39 934 2
35 663 8
28 717 5
45 829 7
36 884 6
43 557 2
32 708 1
31 815 6
34 493 8
11 317 3
42 876 7
32 697 3
17 369 8
19 394 7
46 977 8
38 659 6
48 754 3
3 358 5
41 169 2
30 445 2
26 361 4
48 770 5
47 259 4
45 326 2
17 868 4
25 533 4
40 72 1
27 456 5
4 482 9
10 374 3
35 949 2
24 863 6
5 339 1
12 251 2
44 709 6
33 318 7
27 913 6
8 642 1
12 881 5
17 280 7
40 718 9
33 228 7
23 68 1
31 45 7
36 833 2
30 131 4
11 32 5
25 573 7
32 549 3
23 846 4
31 192 8
29 664 1
25 752 3
17 433 3
4 33 7
46 980 9
27 967 5
43 346 8
14 570 5
5 561 2
17 973 5
1 193 9
24 84 3
42 983 3
21 581 8
9 304 5
40 33 6
36 836 9
20 356 1
47 472 3
35 185 3
29 928 7
17 214 9
20 544 8
24 246 1
17 152 7
32 549 2
30 313 7
42 890 9
5 112 3
39 542 5
34 372 6
17 704 1
18 291 4
4 565 6
37 995 2
5 844 2
48 797 6
2 919 5
42 780 6
11 941 7
42 375 8
34 711 7
10 596 1
16 450 5
33 853 9
21 828 4
18 128 6
15 585 7
32 277 3
17 392 5
8 115 8
30 94 7
16 540 8
23 718 7
41 871 2
27 871 9
22 548 1
6 371 7
26 791 4
37 641 8
32 899 6
2 218 7
10 21 6
31 598 1
17 671 6
11 79 3
21 820 9
46 694 1
43 337 8
6 811 8
46 496 4
15 764 5
39 327 8
35 499 9
22 12 5
34 872 9
47 192 8
33 815 8
12 328 9
10 7 8
44 961 8
33 587 4
12 416 6
34 986 8
38 17 1
6 98 8
28 100 1
21 9 5
1 195 6
42 730 4
39 695 8
28 986 7
15 823 8
10 944 3
47 948 2
1 224 7
24 850 5
48 367 4
15 904 7
16 363 7
13 708 6
2 438 2
3 33 3
4 102 2
2 862 2
12 45 9
19 520 4
25 480 8
18 21 3
9 189 3
12 427 6
23 261 9
34 713 6
2 918 8
20 863 4
22 845 1
19 680 6
42 186 8
13 807 2
31 302 8
39 837 2
42 826 8
12 537 7
19 511 5
28 413 3
35 907 9
35 782 2
13 44 8
21 340 2
13 293 7
20 985 4
49 125 1
5 585 6
45 682 1
22 235 6
45 106 4
21 776 9
22 768 8
24 560 3
44 891 5
45 950 8
34 601 4
43 667 4
46 736 8
10 288 8
44 624 5
31 309 4
38 304 6
4 949 5
5 617 4
13 46 6
26 790 4
33 958 2
5 805 8
10 842 8
36 918 8
9 941 2
32 693 6
11 937 9
23 12 3
33 647 1
19 111 8
21 962 9
4 70 4
16 551 6
26 922 3
29 8 7
5 582 6
20 134 4
9 503 5
11 18 3
26 346 3
42 653 1
47 761 5
43 687 4
49 439 5
5 358 1
44 35 7
13 210 3
17 114 1
8 84 7
8 601 2
36 738 4
38 172 6
16 427 8
35 63 3
25 280 7
6 455 5
8 283 5
41 700 2
36 436 2
28 576 8
37 512 7
39 205 5
37 879 6
3 369 6
5 33 6
34 876 8
43 483 3
4 423 9
22 481 1
20 830 1
13 378 6
3 216 3
36 103 6
9 165 4
28 403 7
44 330 9
7 261 3
38 843 2
45 472 4
2 948 5
8 873 2
6 422 8
38 48 1
26 613 3
49 463 9
43 595 3
13 183 3
25 791 6
12 837 1
18 758 3
27 567 1
26 338 8
1 431 8
41 8 8
1 154 2
39 341 9
39 724 1
1 507 8
26 111 7
41 454 7
21 367 6
23 227 9
5 968 7
6 132 5
36 163 4
27 463 2
24 799 5
32 434 5
45 209 5
9 877 6
24 544 3
9 646 3
12 323 7
31 59 2
39 748 2
34 573 5
20 127 9
9 30 1
27 354 2
39 655 3
20 412 7
43 471 4
47 608 9
22 254 4
12 697 3
23 529 8
49 371 8
35 666 8
27 920 1
14 681 5
33 684 2
15 733 2
27 54 4
24 334 6
21 424 7
5 49 5
7 826 6
6 838 3
33 517 4
34 508 1
28 252 7
27 448 1
7 305 8
21 582 6
13 620 7
16 603 8
18 668 6
43 96 6
47 479 7
10 607 1
21 137 8
1 198 5
1 978 2
20 87 7
25 777 3
31 465 3
16 398 2
34 228 7
11 59 6
37 92 1
23 725 9
49 645 6
41 22 9
21 188 6
22 198 8
9 194 2
42 506 3
34 397 3
45 706 8
3 948 9
2 71 4
20 886 8
38 1 2
15 997 9
24 461 9
34 729 2
6 123 3
11 311 2
47 388 3
19 551 3
24 846 2
44 690 3
24 717 3
19 906 8
4 63 9
48 244 6
39 633 1
45 347 5
47 613 5
21 489 4
43 786 1
41 510 6
19 25 1
24 70 6
26 832 4
2 793 4
11 582 5
44 985 9
42 839 7
5 847 8
33 397 1
31 121 6
21 62 1
37 500 5
49 871 8
30 917 6
18 524 9
14 376 2
38 221 3
37 446 1
36 603 2
9 974 5
4 250 1
39 429 3
49 573 9
33 27 6
42 33 7
18 944 5
9 826 7
18 291 3
11 266 9
41 98 8
45 454 5
45 919 8
22 440 2
48 409 1
38 775 7
41 403 5
11 277 9
38 392 2
39 159 4
46 410 3
40 986 6
3 512 4
14 922 9
40 807 1
49 804 2
16 998 8
8 922 4
8 78 8
9 911 2
45 462 5
28 424 9
20 327 7
11 37 8
48 127 3
23 623 5
25 276 1
32 312 2
48 274 7
46 173 6
45 274 7
28 392 7
44 982 9
43 963 7
43 493 6
7 699 7
17 76 1
15 307 6
21 106 8
28 147 9
22 307 1
3 713 6
11 73 4
4 178 3
49 387 9
34 508 4
12 64 5
48 770 3
1 550 8
37 480 1
2 191 1
3 862 1
15 637 1
13 841 5
7 512 2
1 493 5
16 128 3
27 690 5
28 211 5
11 964 6
26 841 7
26 115 3
37 615 7
4 885 2
20 609 9
37 715 6
14 185 5
14 530 8
9 59 3
17 313 1
18 721 4
38 589 8
29 68 1
1 229 2
17 969 5
22 676 8
1 574 1
13 726 8
14 341 2
8 686 6
27 803 6
33 322 9
28 541 2
23 661 4
44 678 9
39 668 9
13 841 6
35 325 1
38 247 6
1 99 7
32 282 7
13 918 2
25 561 3
48 823 4
48 591 6
34 910 7
7 59 1
31 376 9
25 673 3
46 448 3
14 730 5
43 803 3
28 413 3
47 907 4
7 233 7
28 79 7
22 402 2
1 213 6
20 238 3
4 817 7
5 357 7
49 378 7
35 484 5
30 652 2
22 545 8
44 839 5
41 921 8
30 914 4
45 580 5
30 447 1
36 50 6
38 515 6
16 636 1
38 255 4
8 912 8
24 918 7
26 901 1
24 201 3
6 629 5
43 142 1
45 622 3
10 800 5
43 200 8
20 513 2
46 85 4
26 711 2
49 189 2
30 356 3
28 707 8
17 917 3
1 802 3
33 439 9
20 205 8
45 864 5
48 227 8
40 398 7
26 935 4
46 762 7
40 229 9
47 915 7
5 987 6
45 494 1
15 951 8
28 432 5
28 472 4
28 702 5
45 324 4
8 674 9
47 673 1
20 231 6
25 645 9
7 819 7
29 708 1
36 76 9
3 588 1
23 332 8
30 299 7
22 114 3
34 133 7
49 781 3
34 977 7
43 679 6
15 326 2
25 402 3
22 211 4
6 697 2
15 820 1
31 953 6
1 140 3
23 45 1
45 302 3
23 461 5
6 734 6
9 511 9
9 223 4
1 340 7
7 284 5
21 97 3
8 171 5
22 179 2
30 351 6
22 771 7
47 538 9
41 80 7
49 190 4
15 174 8
15 646 3
29 624 7
34 938 6
19 3 4
32 599 1
13 860 6
43 29 2
49 866 9
10 775 7
46 686 1
15 294 7
29 139 7
25 453 8
8 378 2
44 112 4
40 239 8
25 936 7
47 222 8
21 761 6
6 340 5
11 16 2
32 790 3
8 760 5
32 96 2
39 693 6
9 904 8
7 499 5
45 453 9
6 127 4
3 148 9
39 970 4
37 960 2
25 740 3
42 966 7
12 924 4
22 648 7
35 999 8
45 5 1
6 250 9
25 509 3
11 187 8
17 297 4
31 975 5
33 677 7
26 217 1
14 985 1
40 661 7
27 179 2
29 198 8
14 760 3
46 926 8
31 429 7
6 777 7
32 450 7
42 263 7
27 907 8
48 288 2
14 622 7
18 800 6
28 510 1
39 338 6
42 972 2
29 936 2
25 126 8
16 70 7
24 410 4
16 233 4
33 100 2
19 452 9
30 540 6
45 154 8
26 197 8
38 405 5
23 34 5
8 479 2
20 395 4
26 48 2
18 817 9
27 882 8
31 158 8
1 123 8
31 266 4
47 453 3
20 461 7
21 177 6
47 863 4
36 147 5
30 875 2
42 829 1
2 90 3
39 883 8
35 550 1
46 780 3
48 511 2
14 866 8
15 636 4
28 228 4
21 594 4
31 551 4
31 552 1
3 137 2
38 177 2
16 869 8
31 337 5
4 331 4
44 331 9
23 731 1
17 16 7
47 284 8
46 418 2
46 730 1
7 905 7
3 647 9
32 689 1
25 210 7
3 823 5
6 674 4
32 628 8
12 997 4
42 612 5
24 841 5
45 725 7
3 376 6
36 294 1
49 987 1
12 325 4
36 941 9
7 501 5
43 599 2
38 785 1
17 50 2
41 91 6
1 524 2
4 935 7
42 663 1
20 37 2
30 106 4
45 39 9
38 413 2
6 951 1
3 788 5
27 655 6
28 456 5
25 557 1
44 928 6
17 935 4
43 963 8
35 405 1
29 608 9
43 288 3
13 56 5
18 753 9
3 824 5
30 643 1
31 224 1
17 552 6
41 672 5
47 525 5
44 330 7
17 686 6
18 98 7
15 612 2
47 40 6
18 622 9
42 295 5
49 721 5
27 375 1
41 360 1
41 714 7
21 571 6
40 598 4
2 585 1
32 905 2
15 732 2
30 622 9
16 223 7
45 469 3
15 323 2
11 908 3
21 833 6
33 104 9
17 56 9
32 881 2
43 684 4
33 109 2
29 97 9
8 636 7
14 399 5
46 192 1
48 500 5
47 292 9
6 663 8
48 663 6
18 332 6
41 291 4
12 552 8
22 120 4
15 524 7
21 686 7
36 758 1
41 592 4
21 785 9
41 362 5
31 506 2
9 670 4
4 475 6
38 862 7
11 301 8
37 831 7
28 81 8
13 163 5
30 899 4
36 346 5
28 821 7
49 572 8
33 145 5
19 915 9
8 676 3
24 390 3
9 684 2
15 60 2
39 807 9
42 309 1
29 508 3
16 176 7
49 881 7
41 179 1
28 624 9
9 23 2
19 778 8
34 649 2
6 945 5
48 734 7
14 532 8
33 408 3
20 750 9
26 752 7
41 276 1
40 340 5
1 775 7
5 662 5
30 881 5
46 332 7
49 359 7
12 785 9
44 182 9
34 130 4
39 826 7
33 666 4
29 757 4
49 502 6
48 959 2
21 655 7
19 335 5
16 788 4
22 908 5
2 577 7
35 972 4
11 439 4
41 997 2
40 146 9
46 813 4
10 385 9
43 592 1
7 687 3
36 76 1
9 509 1
48 456 8
7 194 3
14 60 9
35 549 1
14 41 1
39 136 7
4 164 3
16 922 3
36 759 6
16 292 8
41 369 5
48 98 9
25 864 3
49 425 2
31 282 5
14 113 5
27 293 4
36 156 8
12 770 8
31 483 2
39 152 1
33 466 6
23 585 5
1 223 6
10 526 6
43 307 9
21 949 4
36 485 6
44 598 8
32 366 5
13 734 3
34 158 9
3 831 6
38 95 2
29 652 5
35 109 5
49 753 6
31 33 2
45 587 6
28 894 9
1 527 2
9 572 7
46 846 9
37 775 2
42 221 3
47 184 1
11 776 7
25 291 1
20 601 1
19 197 3
47 122 8
9 685 1
27 914 9
40 831 7
48 660 1
12 924 4
27 651 6
22 788 6
27 258 2
40 940 9
43 638 2
5 85 2
8 158 6
48 686 7
27 766 9
26 486 5
20 953 7
24 923 9
19 864 4
43 645 7
31 597 3
37 249 6
22 171 1
34 927 1
13 295 1
10 212 7
13 581 5
46 178 7
37 294 6
4 249 9
20 239 1
33 823 6
2 967 3
14 304 2
9 665 7
40 709 2
25 362 4
39 711 2
7 825 7
12 681 2
46 656 4
3 950 7
40 86 8
27 220 6
1 39 4
9 27 1
12 669 1
48 639 7
34 577 3
47 347 6
25 594 4
8 634 6
29 434 1
14 164 5
8 470 7
18 646 7
15 624 7
10 984 4
5 622 2
26 832 7
42 863 6
18 673 8
35 802 7
1 218 9
38 662 8
7 361 3
49 25 4
41 171 4
33 791 4
24 430 6
32 486 4
9 896 1
5 330 1
10 591 1
7 898 5
45 573 5
45 79 1
12 366 7
4 791 4
49 650 8
3 10 8
42 462 1
25 642 5
36 702 8
33 526 5
34 300 9
7 390 6
21 420 2
36 93 9
16 749 9
30 221 9
32 372 2
34 594 2
25 969 1
16 154 2
34 90 3
47 575 5
10 917 9
6 723 2
30 784 3
1 967 6
10 42 8
16 339 7
23 190 1
45 903 1
36 97 7
5 344 6
40 722 2
11 316 2
19 198 2
18 455 3
7 97 6
32 865 2
18 122 9
2 287 2
24 604 7
16 374 8
42 423 9
25 735 9
49 839 7
36 765 9
20 454 7
29 713 5
6 699 1
26 819 6
9 508 4
39 291 8
25 743 7
15 782 1
30 568 2
44 166 2
23 698 3
16 770 2
48 876 7
42 767 7
43 502 1
37 460 1
33 982 5
21 512 3
13 644 3
35 15 4
3 796 8
26 369 2
37 315 4
5 756 3
38 136 7
8 619 7
33 736 6
12 472 2
18 999 6
11 439 9
26 991 3
33 394 2
17 76 8
27 456 7
5 635 5
4 839 9
22 359 6
31 936 8
6 73 5
25 335 9
38 607 1
19 588 7
36 47 8
45 579 5
41 950 9
19 383 2
18 55 7
28 665 7
14 728 5
47 604 5
16 309 8
20 356 1
41 832 3
12 616 5
41 900 7
23 819 3
3 429 1
28 747 8
2 964 4
45 518 5
29 127 7
33 220 9
37 472 3
17 677 5
49 12 4
39 390 1
45 371 4
34 313 2
47 872 2
39 839 4
46 830 2
2 889 5
28 605 6
13 305 8
49 5 8
35 218 1
38 482 9
26 416 6
32 839 2
20 761 3
40 506 2
6 661 7
38 22 8
36 418 5
10 467 7
6 506 6
41 635 2
24 720 1
36 510 2
26 967 4
46 48 5
28 596 9
47 395 1
2 71 2
3 582 7
15 97 8
16 566 3
8 80 9
29 387 5
32 923 6
12 684 9
8 779 1
33 536 6
16 840 4
13 436 7
28 326 4
46 446 9
11 280 7
47 678 7
47 482 9
27 451 6
30 809 8
12 220 3
12 701 6
24 392 7
10 475 8
22 177 3
4 130 1
31 337 2
42 464 6
18 40 4
3 549 2
36 588 5
4 271 2
18 948 6
31 358 1
13 158 4
24 352 8
21 301 9
49 827 4
36 138 5
42 353 4
36 251 7
49 86 5
49 699 7
4 806 2
40 172 7
5 240 5
19 9 8
30 876 5
34 604 7
10 82 6
34 117 2
26 210 7
46 782 3
23 661 5
17 604 3
4 225 6
36 651 4
3 222 6
43 119 4
31 380 2
20 273 1
48 668 4
27 554 9
23 316 3
23 874 2
33 543 1
34 237 3
6 692 7
42 737 8
30 228 7
28 236 9
10 12 1
36 639 3
2 538 2
20 232 9
25 610 3
32 913 5
10 868 1
38 70 6
7 840 6
24 261 8
20 447 1
29 329 7
49 405 2
3 619 6
10 13 4
25 809 7
39 661 9
5 788 6
14 311 6
43 762 5
22 261 9
48 911 4
49 985 1
5 518 6
34 664 7
28 406 6
15 977 9
14 73 4
2 582 6
25 298 3
10 892 9
12 96 8
22 110 2
42 627 4
46 161 2
19 478 9
32 335 4
11 475 2
43 811 8
35 341 6
22 324 5
18 487 1
6 598 2
36 779 7
10 650 4
42 941 4
9 183 3
9 314 7
45 843 7
29 800 4
13 945 3
17 541 1
44 498 2
36 956 6
10 715 5
1 159 1
36 971 3
36 289 8
14 464 5
26 78 1
2 866 9
1 722 1
34 741 1
31 750 9
36 657 3
47 780 8
32 158 5
33 282 5
6 188 9
48 844 4
2 873 3
32 317 5
22 662 5
22 943 7
33 939 4
5 582 9
45 250 3
13 406 5
10 802 1
43 281 8
41 643 7
16 552 7
44 830 9
16 413 6
21 256 8
25 792 3
32 463 9
25 676 8
49 721 6
15 61 5
6 772 8
13 441 1
3 228 9
48 434 7
41 249 8
18 328 8
24 451 9
2 215 8
34 180 8
27 972 3
39 718 9
21 10 6
6 880 8
13 276 8
26 574 4
21 716 7
14 3 7
44 964 3
29 444 3
33 963 9
49 802 5
19 603 3
17 356 9
29 172 3
30 462 1
41 919 3
47 619 6
20 460 6
1 400 6
37 597 5
49 112 5
43 434 3
31 5 7
26 770 7
20 165 7
6 436 6
6 911 1
47 761 1
23 199 4
26 404 4
40 505 7
3 503 6
35 842 1
4 686 4
14 747 6
9 161 1
3 800 2
15 949 6
39 291 4
10 269 9
4 845 1
25 541 6
42 679 1
27 895 1
9 80 9
22 413 5
17 96 2
35 902 3
4 574 6
25 510 2
43 744 9
7 669 7
14 156 8
1 490 2
38 878 8
7 50 6
7 595 1
3 989 9
41 711 7
2 958 3
9 854 7
3 622 9
46 764 1
19 124 4
30 822 6
47 890 9
29 206 9
33 7 7
24 523 6
44 485 8
9 877 6
21 828 5
11 596 3
19 297 7
28 826 1
46 982 6
7 460 4
15 790 8
10 596 6
2 14 4
9 709 6
29 988 5
20 678 6
49 215 3
22 806 8
32 613 8
31 839 8
30 82 4
31 891 5
31 135 8
30 333 5
38 777 9
13 92 3
5 757 1
33 179 6
37 617 4
14 960 3
48 135 2
23 862 1
11 949 7
7 318 6
24 562 6
44 75 7
17 886 7
25 15 4
47 285 8
35 680 2
45 659 8
41 169 6
33 367 9
32 987 9
46 456 4
49 762 4
18 303 7
48 293 2
15 818 7
4 650 2
41 907 1
17 391 7
3 710 5
39 999 8
6 591 4
36 699 8
9 697 4
18 779 6
1 685 3
48 190 4
37 533 1
13 568 4
44 877 9
2 690 8
36 480 2
27 373 7
29 160 9
4 447 4
29 249 2
10 569 9
30 87 1
40 460 2
26 858 3
25 86 6
24 691 8
24 569 2
30 480 9
9 166 3
9 481 9
44 399 8
36 852 4
13 746 2
3 192 3
8 896 7
22 580 5
7 831 4
41 351 4
46 991 8
34 95 9
9 783 2
19 246 5
12 15 4
44 97 4
17 929 6
30 361 9
24 151 1
31 671 7
25 521 8
20 708 3
39 919 9
4 723 2
41 643 6
49 701 3
48 195 2
24 926 2
43 588 6
37 748 9
40 605 7
10 45 1
9 264 1
33 944 1
22 376 4
39 303 2
32 200 5
24 836 1
30 355 3
9 307 3
10 760 5
20 426 2
33 679 2
8 741 1
7 139 5
2 322 1
31 389 9
19 986 7
42 756 9
32 287 9
17 249 1
28 881 1
30 892 4
23 201 5
9 966 6
34 832 3
43 781 2
2 444 4
25 746 4
9 277 9
39 502 4
17 307 2
45 175 1
39 368 3
30 550 4
45 97 7
24 29 2
5 546 4
9 204 1
23 355 5
11 27 2
25 695 3
45 70 6
6 983 2
18 741 2
42 637 8
25 274 7
14 478 4
10 954 7
22 739 1
22 558 7
30 378 9
31 362 4
5 838 5
28 10 5
15 841 2
4 885 5
38 921 4
24 112 3
31 204 1
23 910 1
40 296 7
9 106 8
19 231 9
20 603 7
36 208 2
18 424 4
43 716 4
13 912 7
44 934 1
12 855 1
19 421 9
45 326 4
38 920 7
12 344 6
33 899 7
1 661 5
38 185 7
10 384 9
30 496 4
30 696 1
23 543 8
47 133 9
30 390 9
40 309 8
42 181 7
15 845 1
12 908 3
21 8 9
21 818 7
37 700 7
47 562 7
47 981 4
45 501 7
14 351 7
22 853 7
7 497 4
45 861 9
25 225 7
20 936 4
19 649 8
38 500 2
46 65 1
39 233 4
9 362 3
16 515 1
6 153 9
27 94 6
14 803 5
35 664 3
17 892 3
48 900 5
42 951 5
6 895 3
18 404 3
25 223 4
13 533 1
6 180 3
21 508 4
24 807 1
34 332 1
48 783 8
16 440 2
32 566 5
47 98 3
21 668 7
34 849 9
44 139 6
45 396 1
18 566 4
31 304 9
11 540 8
38 211 5
16 381 1
37 2 8
6 155 8
41 353 8
6 750 2
35 159 2
32 381 7
42 800 5
37 589 4
17 86 5
27 241 5
19 949 4
20 334 3
6 335 5
38 768 7
27 531 4
49 850 4
24 533 2
38 629 3
46 922 7
14 290 2
17 16 3
13 479 1
19 784 3
23 501 5
19 330 2
8 821 5
2 106 6
40 923 4
31 814 6
20 988 5
29 264 3
38 642 2
10 995 9
33 677 6
25 156 9
20 591 1
44 363 6
6 271 8
35 342 1
16 661 5
14 468 8
7 430 1
15 600 3
38 32 2
26 492 2
49 512 7
19 941 9
2 750 8
1 131 7
8 722 1
41 254 7
17 740 5
3 660 8
17 236 4
32 966 9
17 184 6
40 707 8
46 81 2
42 227 6
48 399 5
48 865 7
18 328 6
48 428 7
44 879 6
49 359 8
38 740 2
29 334 6
26 502 5
25 514 5
26 432 7
40 916 5
40 434 8
32 415 1
36 896 6
45 911 4
41 232 3
17 807 2
3 579 8
42 18 6
4 532 4
33 565 1
32 807 2
22 562 9
5 644 4
2 291 5
49 467 9
11 75 3
29 103 4
7 350 3
35 42 1
14 297 6
1 978 2
13 135 5
48 472 8
8 309 1
48 2 6
11 573 8
21 513 1
12 323 8
13 517 2
45 963 8
9 861 5
32 80 2
10 597 5
26 746 5
37 719 5
34 904 8
33 671 8
37 753 4
48 170 5
16 451 5
31 881 8
33 268 6
43 891 6
22 115 4
24 228 1
1 697 4
17 317 6
6 906 3
23 99 8
11 652 8
36 301 4
45 25 8
11 237 8
27 567 3
10 605 6
4 788 9
24 972 8
45 108 5
36 236 4
9 154 5
18 263 8
17 143 5
43 872 6
6 50 5
34 420 4
12 420 9
32 674 8
22 135 6
25 709 7
39 132 5
40 7 4
49 498 9
14 591 7
28 178 1
14 809 6
43 715 2
29 872 1
32 316 7
12 672 4
41 319 7
31 628 5
27 618 7
19 313 1
27 950 7
29 534 3
39 949 4
2 986 2
4 335 1
36 821 4
45 681 7
36 786 4
35 399 7
10 99 5
8 757 7
39 426 9
38 241 3
18 904 7
13 91 6
46 371 5
43 455 8
48 754 1
6 432 1
16 548 7
46 131 6
31 638 6
33 317 3
6 601 7
19 644 7
18 916 7
6 654 2
26 893 6
17 980 5
3 253 1
4 585 5
11 84 1
48 844 9
11 973 5
5 300 9
38 33 4
2 556 9
35 707 8
40 552 5
46 926 5
13 648 5
7 474 5
17 548 1
26 830 1
13 505 3
39 664 8
3 834 4
49 33 8
25 731 8
38 81 6
5 347 4
26 941 9
33 939 6
13 377 7
21 853 7
31 733 3
11 213 8
21 102 5
32 856 4
26 613 4
45 188 8
47 320 2
47 657 4
39 200 9
38 202 7
10 962 1
35 952 4
21 8 6
13 555 5
45 145 5
19 423 1
40 756 6
27 900 3
45 121 3
20 967 6
25 226 3
44 279 9
45 679 5
23 742 1
1 635 9
21 720 6
1 63 6
4 886 5
28 286 8
32 200 2
41 920 9
45 179 8
1 189 3
27 769 4
19 496 6
45 263 5
7 976 4
1 956 5
29 298 2
27 199 2
36 581 3
18 407 8
5 347 5
29 128 6
4 584 6
23 299 8
11 975 2
3 809 2
39 698 9
8 46 7
36 537 3
1 116 2
44 622 5
25 893 6
3 950 2
34 867 3
44 643 3
38 61 8
15 6 4
12 481 2
2 687 5
29 544 3
49 667 2
4 246 3
28 767 5
41 445 5
33 823 9
26 878 4
19 6 7
42 500 1
23 281 3
6 647 4
49 725 3
23 860 3
1 182 2
35 708 5
12 740 8
39 970 2
20 208 7
49 870 9
38 721 2
24 297 7
10 432 2
46 748 7
4 857 6
42 429 2
38 329 1
48 201 5
8 542 6
40 359 9
4 850 9
3 983 8
16 739 8
49 505 6
16 244 8
38 722 2
13 105 6
24 495 6
6 208 5
28 250 4
28 401 7
33 99 6
5 552 4
40 924 2
13 357 2
28 468 2
21 248 7
8 872 4
37 312 5
25 775 2
24 849 4
33 975 3
26 730 3
7 983 7
28 46 1
46 931 1
1 630 5
33 909 1
46 967 6
5 67 6
47 284 7
28 469 9
9 605 7
6 869 8
17 47 6
18 817 9
37 905 9
47 133 6
22 275 9
22 978 2
29 210 4
18 933 3
31 402 4
18 450 8
23 439 7
15 445 5
25 216 7
16 1 4
10 107 6
44 129 9
43 560 3
30 530 8
48 453 2
24 775 9
12 45 6
46 461 9
13 237 9
27 722 7
12 824 3
23 231 4
17 8 5
39 876 1
24 305 1
34 899 2
21 966 8
6 832 7
15 34 7
37 194 6
25 8 2
6 905 7
49 866 4
46 100 6
14 257 4
29 740 1
19 717 1
7 347 2
12 74 6
4 393 1
10 463 6
43 670 1
48 862 1
19 37 8
44 722 4
24 373 3
35 763 8
40 94 2
40 106 3
8 755 6
9 201 9
15 267 3
48 465 7
42 242 5
30 471 7
44 740 1
15 386 6
12 93 9
7 692 7
9 936 3
6 19 3
31 664 8
32 498 2
21 104 7
40 863 8
13 471 9
12 666 6
17 885 6
39 193 5
34 944 2
6 251 1
28 293 5
39 741 7
42 177 1
8 634 8
38 836 9
8 156 6
2 794 6
10 126 1
31 693 8
23 814 4
39 564 6
49 490 7
6 57 3
2 943 6
22 621 4
5 549 4
24 112 3
38 840 9
13 708 8
46 808 9
10 720 3
23 547 6
29 224 9
4 415 6
31 423 4
34 437 3
25 842 6
19 804 7
17 953 1
40 234 7
12 614 7
2 668 2
6 295 9
20 949 1
46 986 7
44 521 1
11 148 5
8 379 5
43 339 1
4 439 7
13 213 8
14 505 7
1 242 2
35 761 6
23 725 8
30 756 4
27 401 8
27 491 6
33 585 9
3 673 6
31 999 1
38 566 1
42 638 8
31 440 3
10 105 7
14 774 4
23 884 9
11 997 2
12 634 9
32 749 6
22 12 3
43 318 1
3 772 6
49 669 5
14 678 8
42 783 5
28 226 7
38 871 2
30 99 5
45 683 4
43 65 7
36 454 7
42 358 2
7 734 4
15 627 6
49 198 4
34 764 4
3 885 9
31 332 6
14 127 5
2 224 4
22 60 7
28 481 4
7 844 7
49 310 1
15 699 9
18 68 5
36 457 7
29 144 3
13 763 3
25 502 1
37 370 6
48 405 7
15 377 5
37 675 6
34 259 2
47 347 4
16 167 1
16 870 1
39 713 5
34 377 9
35 209 8
41 99 5
46 404 3
45 142 1
19 93 5
21 737 9
30 557 5
11 156 8
42 865 7
43 812 4
12 937 5
33 300 2
31 381 9
22 743 4
6 696 5
2 938 3
33 975 8
35 544 1
41 507 9
21 346 8
47 282 8
14 684 8
23 395 2
39 791 6
2 547 7
8 641 8
1 419 1
45 485 2
18 709 2
13 805 6
9 587 6
1 544 4
30 930 2
42 713 7
42 470 5
49 294 6
39 640 8
40 66 4
15 163 1
8 80 3
14 345 4
44 616 6
36 910 8
25 890 9
34 299 1
28 271 4
4 743 4
9 972 4
23 940 3
42 435 1
48 956 1
28 70 2
9 458 2
3 673 9
11 786 9
27 345 9
21 708 2
40 295 1
27 27 5
13 893 5
45 421 6
48 913 4
14 915 9
24 357 4
28 670 4
22 325 6
11 613 9
33 175 6
34 513 3
24 790 5
25 804 2
46 900 5
36 412 8
35 249 4
25 21 6
37 307 6
2 534 6
29 8 7
30 138 7
30 863 2
18 340 5
2 522 4
9 761 1
47 671 4
26 207 7
48 872 5
47 730 8
4 769 4
2 441 4
29 771 1
43 215 7
43 350 6
33 650 8
16 751 3
30 727 1
44 967 8
45 78 8
32 670 9
3 357 7
32 933 3
4 626 1
47 521 8
10 518 8
26 747 9
41 457 4
26 388 7
17 845 3
25 83 4
25 107 7
11 493 3
3 386 5
28 562 3
40 543 7
46 808 6
5 311 2
30 693 2
26 111 7
49 291 8
4 442 4
39 5 2
42 468 7
4 329 2
28 654 2
36 813 7
11 557 9
25 331 8
29 820 1
28 103 2
48 847 9
42 848 3
3 321 2
27 328 6
17 670 9
31 865 2
46 99 9
9 389 4
49 561 4
34 460 5
44 886 5
5 666 7
29 572 1
25 429 4
17 798 5
42 224 4
10 949 3
16 288 5
42 930 5
23 706 6
14 626 9
6 849 6
5 381 2
3 688 5
2 538 2
31 147 7
36 482 8
17 663 7
9 459 9
40 689 2
43 455 4
6 322 6
41 140 6
41 228 9
37 351 7
7 742 7
25 142 9
49 492 5
42 337 3
49 801 5
4 782 9
10 167 4
12 619 8
4 431 8
10 749 8
47 655 9
14 807 7
18 157 1
31 990 4
49 956 2
46 480 7
35 187 2
31 644 6
45 233 2
23 640 2
27 843 8
33 986 4
36 834 8
48 205 5
38 838 6
41 143 8
6 291 5
40 604 9
38 223 7
33 811 5
24 1 8
17 971 4
37 865 7
38 455 4
13 234 2
10 564 9
42 667 2
10 147 9
38 901 7
31 799 7
3 591 5
2 929 2
1 342 2
13 703 5
29 566 4
43 605 7
7 737 6
4 992 8
20 171 8
7 785 3
31 477 8
36 525 8
4 198 5
14 766 6
31 435 4
33 323 4
22 728 2
2 504 2
18 691 1
4 795 3
46 344 9
32 339 2
21 189 8
5 759 8
22 504 1
40 377 6
13 222 4
41 862 1
31 726 7
30 433 9
18 500 2
3 800 5
30 981 3
16 823 5
17 309 2
17 6 9
14 955 5
9 178 9
20 101 5
12 896 3
42 631 8
41 219 6
10 184 4
41 723 7
10 41 9
41 133 4
23 759 4
33 648 8
21 22 1
11 852 5
48 653 4
42 768 4
19 255 8
47 584 8
43 669 2
23 297 8
42 125 9
4 529 8
7 934 3
39 224 6
31 392 1
4 94 1
4 693 3
22 609 8
24 664 2
25 730 1
41 686 6
42 333 3
41 4 8
7 797 6
1 893 8
20 360 3
6 135 9
22 681 4
17 162 1
4 616 8
23 896 1
5 760 7
29 857 1
19 646 6
39 541 5
47 632 3
32 687 2
12 680 7
47 194 5
22 616 6
25 244 1
37 202 3
22 737 2
42 502 9
31 3 9
34 349 9
45 352 9
23 425 4
44 177 6
27 990 9
1 595 8
13 396 2
5 7 7
22 587 5
22 497 5
10 349 2
4 220 1
4 964 2
43 544 6
37 558 3
1 903 3
10 633 2
9 70 6
43 227 8
26 31 9
1 24 4
21 275 8
13 191 6
47 731 9
23 527 8
11 195 8
40 977 9
43 796 4
8 387 5
19 689 9
13 268 3
25 628 8
5 403 7
25 18 8
35 803 3
12 315 7
10 582 2
42 3 3
19 300 9
10 343 4
48 347 9
39 380 6
39 942 4
3 436 1
27 685 9
49 966 8
26 902 3
21 843 3
41 142 5
37 461 3
32 112 5
33 556 7
16 350 1
36 121 5
8 880 3
47 875 4
23 299 5
23 848 1
41 39 6
45 536 7
4 467 8
23 382 6
39 64 4
2 759 6
43 361 3
44 234 4
27 849 4
35 71 3
27 337 5
20 229 7
19 526 6
32 295 7
5 195 7
20 607 7
34 249 7
24 243 4
45 554 7
23 805 5
27 838 9
45 795 1
28 855 5
48 130 2
49 176 5
46 61 9
30 624 3
13 28 9
37 147 3
30 436 6
14 26 4
40 671 6
49 908 5
48 206 8
11 380 1
25 777 7
4 873 9
34 31 1
25 200 1
44 949 5
37 912 1
30 583 5
47 751 1
8 100 8
43 485 8
23 539 1
3 152 9
29 8 3
28 349 2
44 450 5
10 832 6
2 55 3
10 191 4
22 535 4
38 778 9
12 814 7
34 704 5
1 509 3
20 817 1
27 215 7
9 137 8
37 608 6
43 19 6
41 277 9
24 306 3
2 486 6
4 594 6
35 940 1
38 119 5
34 47 2
17 391 3
34 65 8
10 369 6
47 55 3
5 939 2
29 508 1
49 18 7
12 183 2
6 167 3
4 879 2
11 210 5
41 988 4
35 988 3
17 839 1
15 636 1
10 596 4
25 813 2
37 711 2
9 517 6
48 766 3
42 675 3
6 379 9
18 205 4
29 171 5
38 554 2
11 379 3
1 411 5
13 681 2
37 413 3
11 442 3
24 814 9
43 921 7
8 265 2
22 774 2
37 660 4
15 581 4
33 326 7
41 629 4
6 394 9
26 505 9
17 122 1
42 174 2
40 85 5
4 407 4
6 417 4
6 749 9
17 2 8
26 984 6
9 411 2
39 514 2
6 499 6
20 322 6
28 797 1
3 411 9
27 772 2
35 153 2
46 493 3
7 80 5
33 437 8
9 134 9
48 611 1
32 684 7
46 991 2
11 518 6
41 317 1
34 487 9
6 609 4
48 9 3
5 315 5
28 639 4
2 488 9
46 700 6
43 168 5
49 258 9
17 813 1
46 251 9
48 321 5
49 23 5
16 779 4
16 283 1
37 46 9
40 6 4
41 484 1
22 277 4
40 795 4
18 249 2
45 71 7
29 472 1
19 534 5
9 130 8
2 674 7
3 216 1
41 158 5
21 491 2
2 733 2
24 639 7
28 975 5
28 353 9
19 498 9
15 7 3
37 955 1
5 831 7
3 53 3
33 788 5
3 450 9
20 415 6
43 370 8
14 916 8
42 797 1
39 509 6
25 334 4
41 38 6
29 624 4
23 296 6
10 330 6
30 958 4
7 710 4
30 655 1
38 985 3
5 951 5
38 247 6
40 699 7
18 807 7
23 447 5
25 110 2
27 246 5
3 496 3
39 834 7
11 52 8
34 645 5
31 623 6
42 657 2
23 299 6
30 599 2
2 346 1
45 428 4
26 539 4
46 51 7
21 596 2
35 691 7
35 127 6
1 673 6
28 368 5
40 553 9
20 88 3
28 737 5
4 462 4
43 251 9
37 916 8
33 7 5
25 908 4
18 870 1
35 590 7
11 313 1
22 485 5
33 217 4
38 753 6
43 590 2
28 998 9
18 748 4
36 766 2
30 393 7
31 5 9
16 181 4
9 676 3
28 399 3
3 777 7
24 506 9
38 479 6
17 167 6
44 823 6
17 293 2
28 968 6
23 936 4
34 750 4
38 496 7
23 630 7
35 614 9
28 417 8
34 956 2
41 237 5
33 168 7
19 338 3
46 336 9
28 193 9
28 114 7
46 314 4
21 547 3
43 122 6
41 756 7
48 916 9
40 649 4
8 67 8
30 454 8
23 428 2
2 664 5
36 844 3
46 900 9
48 901 5
37 763 2
39 654 8
44 114 8
33 717 3
24 589 4
49 666 8
43 697 5
1 896 9
36 332 8
47 336 6
16 886 4
21 379 9
9 49 5
12 782 9
10 480 1
43 633 9
45 434 3
44 996 6
35 353 2
1 611 4
26 331 8
15 268 6
5 57 7
2 627 5
7 48 5
10 207 5
40 815 6
37 255 1
48 88 2
20 496 7
48 818 2
28 98 8
47 708 8
1 44 4
25 259 6
5 942 6
33 761 1
15 131 1
43 227 7
16 539 8
24 684 4
38 547 9
29 664 5
5 644 1
36 708 5
25 334 9
28 593 4
36 200 8
43 588 8
39 392 4
30 659 3
46 720 8
48 842 5
49 519 9
47 658 3
12 27 4
48 830 9
3 884 1
5 724 3
20 875 5
13 832 6
35 415 5
22 157 7
25 47 1
35 566 8
41 973 8
49 928 7
42 912 9
39 56 1
33 583 9
39 473 2
36 690 2
22 780 5
25 846 4
49 531 3
37 542 3
17 933 1
21 296 2
31 549 3
6 560 7
32 441 3
42 567 8
37 941 2
15 560 8
25 506 5
24 592 5
14 127 1
8 377 6
48 229 5
45 124 7
29 936 4
1 938 3
11 823 5
31 468 7
38 636 6
15 176 3
14 778 3
39 372 8
39 589 2
46 202 6
6 794 4
1 558 5
23 464 8
48 449 5
9 639 1
47 284 3
7 364 6
8 92 9
17 202 3
24 243 4
36 55 6
39 798 5
31 758 8
38 875 6
42 711 5
11 207 7
19 518 1
33 925 1
13 370 2
11 236 8
23 926 9
32 98 3
38 687 2
3 237 3
16 215 9
6 975 9
3 693 2
9 864 8
30 425 7
1 118 8
15 427 6
35 147 4
12 273 4
17 830 6
5 707 5
37 540 5
14 614 2
1 12 1
45 541 9
24 406 1
16 567 2
2 515 3
35 331 5
42 489 6
21 866 8
9 611 8
16 210 7
16 900 9
47 326 1
17 856 8
46 727 5
9 864 7
44 802 4
32 509 4
34 221 4
13 872 2
32 437 2
39 47 1
5 845 9
7 695 9
45 996 6
42 893 3
36 689 3
34 500 5
3 593 1
2 395 8
23 445 1
31 358 9
30 144 5
17 63 7
18 239 3
6 521 2
24 580 6
20 309 8
33 915 4
36 702 3
42 282 4
18 862 1
27 63 9
24 490 6
29 438 9
29 632 7
47 218 9
23 154 2
37 511 5
29 946 3
17 615 5
32 390 9
18 36 8
35 398 1
38 172 4
24 353 5
39 990 4
19 336 5
2 607 9
36 835 9
33 695 9
21 71 9
30 600 9
45 145 1
39 485 9
34 143 1
40 793 8
27 299 1
23 967 3
7 153 7
24 837 6
14 459 5
46 442 8
6 568 8
15 763 6
2 467 2
49 309 9
7 227 1
1 811 3
17 136 9
35 584 9
32 489 6
35 521 7
17 873 5
17 505 2
29 307 9
36 69 1
24 345 9
14 626 1
19 801 1
20 143 6
4 64 8
40 917 5
16 21 4
20 519 4
3 615 2
41 170 7
43 258 7
25 615 9
13 208 6
13 627 2
11 991 3
8 198 1
12 967 1
28 308 6
26 262 6
7 15 5
20 876 8
21 791 1
27 571 9
42 70 5
14 590 4
22 184 3
8 526 4
32 55 5
19 428 3
49 236 7
7 982 9
24 294 5
19 515 6
7 166 1
12 106 6
41 118 9
41 400 3
27 691 1
20 948 4
20 68 3
30 217 3
43 93 8
29 591 1
5 356 4
38 578 8
39 405 8
21 315 2
44 713 6
39 906 7
40 874 2
5 914 9
7 338 3
12 656 6
3 719 1
26 754 1
40 632 9
27 536 7
33 711 8
7 929 2
10 619 2
42 734 4
21 257 7
15 480 5
47 639 1
21 179 8
11 643 7
47 429 1
33 656 7
44 733 8
1 890 5
22 632 7
37 893 2
46 50 2
33 127 1
47 482 7
36 693 1
43 884 4
35 369 2
11 580 5
14 422 1
34 489 9
31 414 2
11 533 6
40 504 4
26 482 9
40 222 8
33 355 7
27 138 7
9 716 1
46 303 8
42 233 9
6 242 8
1 303 7
42 179 4
28 664 8
34 499 2
26 765 6
49 890 6
49 249 1
15 574 6
2 38 3
40 145 1
14 352 6
23 427 3
8 215 9
18 480 1
41 914 7
25 839 3
49 906 9
30 693 6
37 342 5
48 60 3
1 541 3
4 757 4
4 211 1
21 383 3
12 933 5
47 498 4
12 651 9
12 391 7
4 19 4
31 205 1
47 191 8
10 560 8
8 930 2
21 963 5
43 160 8
45 3 2
37 818 2
17 419 5
1 534 3
39 202 9
32 847 1
42 977 1
44 300 3
43 468 9
24 241 7
22 971 7
16 779 5
5 726 7
25 788 7
17 743 2
35 651 2
28 53 6
1 424 6
11 975 3
30 89 1
24 136 8
35 895 1
35 738 6
30 772 8
33 297 3
26 673 5
11 654 2
46 517 2
46 631 2
30 521 1
47 503 8
43 142 3
5 411 9
9 292 6
5 474 5
28 442 1
24 759 6
31 686 7
48 677 7
18 762 3
20 621 1
26 223 5
6 67 1
9 877 2
15 443 8
45 226 6
36 876 8
15 446 7
42 360 8
23 31 5
38 545 2
20 322 6
49 412 7
20 116 1
8 642 1
5 570 8
37 9 1
26 894 6
14 462 3
49 61 4
20 930 9
17 855 4
39 413 2
45 295 7
1 231 1
8 975 3
44 408 9
46 288 2
43 581 4
38 683 9
1 77 2
4 99 8
33 973 6
35 767 2
28 512 7
30 932 8
32 691 8
25 946 7
30 862 9
42 518 8
31 942 1
39 400 7
40 212 8
40 510 7
3 409 5
44 551 7
21 943 4
24 157 5
23 523 9
43 785 4
33 721 7
13 981 8
4 421 2
40 451 5
28 804 8
22 711 7
24 149 4
39 960 5
3 434 6
22 151 5
27 512 3
21 313 3
9 652 7
32 502 7
22 69 7
11 861 6
38 96 1
31 617 4
14 935 4
27 631 8
13 941 7
47 527 2
29 505 5
48 88 1
1 503 4
37 878 9
8 764 3
34 822 7
48 927 5
20 604 6
7 635 8
30 181 1
23 503 1
25 460 7
40 783 3
42 995 7
8 808 5
17 88 5
12 793 3
41 798 3
36 252 5
23 385 4
19 510 9
35 998 1
11 352 9
10 76 3
49 313 9
21 876 4
2 383 2
14 487 7
40 101 4
43 603 8
21 520 3
12 75 8
3 636 7
4 426 1
47 321 7
46 522 9
34 415 3
15 83 3
12 129 3
33 189 9
12 879 4
17 705 6
38 844 3
5 81 3
18 689 6
37 636 5
32 569 6
16 439 5
39 325 6
32 633 3
23 30 8
30 463 9
43 930 4
14 222 3
16 412 6
38 96 2
8 867 1
29 827 8
21 745 8
24 440 8
36 951 1
34 799 2
23 59 4
20 83 7
20 299 5
34 744 1
49 661 1
10 745 9
30 517 4
27 822 1
33 133 6
16 763 4
40 139 8
2 103 9
2 455 8
20 884 5
38 27 8
37 888 4
44 189 5
48 254 7
25 152 2
7 195 8
19 283 2
15 626 4
9 883 6
15 749 8
28 37 5
1 331 8
25 461 8
18 171 9
47 619 5
12 476 9
42 542 3
14 873 5
49 835 3
19 164 2
7 882 9
22 373 7
18 380 8
31 576 5
43 628 9
43 823 5
40 924 6
35 352 4
24 364 8
23 978 9
43 516 9
26 5 3
15 769 3
4 560 2
40 788 6
5 885 7
4 765 2
10 148 9
44 939 4
11 742 9
27 25 2
28 260 7
14 59 1
8 602 9
37 59 4
2 486 4
15 359 1
21 937 4
38 97 6
15 389 1
25 696 5
20 184 3
32 941 8
29 69 6
47 141 8
29 786 7
19 984 5
10 939 6
43 5 1
36 980 2
23 845 4
41 678 5
26 638 9
33 59 5
26 654 9
45 775 9
39 27 2
28 610 5
20 953 7
15 714 4
13 636 2
6 742 2
23 292 1
16 64 3
9 657 8
37 133 8
8 694 6
41 699 1
8 86 6
44 949 8
32 398 4
35 127 5
32 320 9
12 918 9
47 427 6
46 268 4
28 227 4
25 445 7
42 424 2
28 887 5
23 970 6
2 364 6
8 901 2
19 220 8
28 660 9
12 312 6
19 951 5
34 324 9
1 320 9
37 330 2
14 506 9
37 46 1
28 409 8
5 608 3
37 985 3
34 637 6
42 976 3
15 416 9
2 935 5
49 58 8
20 731 9
38 635 9
44 615 2
22 271 6
41 678 7
45 543 5
35 135 8
44 116 1
47 213 6
35 568 8
45 70 7
42 125 3
35 379 5
28 170 3
44 998 5
18 244 8
14 654 5
40 464 1
47 714 6
35 444 4
44 701 9
38 555 7
10 488 5
41 626 3
48 142 1
7 175 8
17 644 5
21 245 9
33 394 9
10 26 9
1 635 7
29 953 2
33 336 1
14 676 5
45 965 2
11 600 3
13 403 5
38 666 7
36 66 2
48 971 9
25 513 2
2 198 7
34 868 9
48 904 8
27 475 9
21 577 5
45 891 1
26 355 9
41 429 9
10 267 7
1 310 4
23 979 3
10 830 5
17 69 8
5 40 5
11 165 3
48 56 3
33 357 4
46 32 9
21 473 5
18 425 7
35 522 4
9 156 4
20 660 7
37 712 1
13 714 3
49 829 5
22 179 1
18 865 4
29 237 8
47 700 1
15 331 7
22 764 7
17 587 9
37 267 7
17 433 1
24 943 1
16 691 7
13 466 5
10 979 5
16 217 2
42 486 7
7 487 5
22 50 7
12 680 1
28 979 1
33 830 5
20 727 2
35 588 7
20 164 2
7 645 9
1 740 7
48 407 5
9 800 8
49 300 3
14 617 9
14 184 8
4 830 5
12 454 7
5 920 6
21 184 3
5 943 2
24 969 1
6 306 6
22 259 9
49 813 2
10 121 3
32 686 3
36 639 6
31 445 7
24 521 1
42 801 6
28 772 2
42 639 8
8 172 3
44 48 3
31 248 6
45 39 7
18 428 7
33 442 8
20 806 4
31 321 3
16 9 9
33 711 9
41 949 9
34 23 9
30 547 4
42 145 4
29 925 7
42 782 7
2 916 9
16 947 6
2 382 5
25 345 2
9 423 4
19 312 6
6 106 4
32 362 4
32 766 8
45 241 7
8 947 2
39 126 3
36 296 4
32 230 4
19 846 1
5 38 6
43 568 3
15 966 2
15 990 2
11 505 8
46 234 7
36 419 7
21 944 3
16 974 5
4 501 3
30 912 2
34 230 2
35 1 4
45 88 4
39 135 2
8 207 1
14 655 3
22 429 1
33 907 2
29 874 6
12 750 8
6 848 3
16 990 1
24 259 5
18 699 4
42 271 1
9 921 6
8 495 2
28 288 6
4 684 4
2 94 7
32 709 6
48 661 3
10 353 9
40 776 5
45 435 4
28 281 6
23 733 6
12 736 3
5 981 2
22 970 5
37 334 9
35 301 3
11 871 2
16 851 1
32 812 1
24 243 3
10 516 6
15 498 3
33 378 9
33 747 4
36 76 2
47 929 5
37 299 2
34 443 4
8 779 6
8 577 5
44 478 6
35 258 6
46 922 5
48 156 4
30 769 5
35 472 6
15 643 8
25 74 9
19 101 2
38 315 1
6 561 1
8 727 7
1 393 8
45 415 2
17 326 3
4 614 5
33 861 6
33 658 7
14 855 6
6 982 6
44 284 6
29 993 3
38 610 6
49 510 7
2 440 8
30 913 7
31 859 3
36 856 4
41 786 1
46 709 8
16 919 2
48 615 4
29 335 1
10 439 6
37 82 3
47 752 4
25 922 5
39 954 4
16 639 6
23 77 3
10 302 2
25 155 4
36 801 4
45 633 1
45 66 8
20 143 4
17 759 7
23 932 4
18 884 1
25 905 4
48 979 8
34 827 7
16 724 4
35 997 6
47 157 8
9 362 6
44 244 6
45 661 2
41 909 1
30 55 5
7 243 1
42 957 8
30 250 9
11 455 4
46 730 8
26 157 7
44 207 7
43 83 1
6 176 9
47 126 7
46 727 7
23 1 7
41 382 2
2 827 4
40 969 4
7 156 5
31 247 2
35 1 1
31 69 4
4 335 3
25 423 8
40 314 8
48 552 9
15 861 5
24 958 2
33 718 4
46 502 7
22 553 5
46 252 1
20 787 9
27 370 9
25 806 5
11 770 7
18 950 3
14 799 5
43 486 2
37 447 9
41 607 1
46 487 9
15 543 1
36 339 2
19 319 6
30 48 8
16 63 3
33 471 8
16 680 7
30 845 3
8 495 6
33 348 7
41 908 7
47 74 1
15 705 5
49 833 5
44 293 4
16 943 4
46 182 6
10 7 5
17 640 4
34 353 7
14 677 5
25 120 5
4 50 5
21 991 9
37 435 4
29 891 8
7 317 9
21 197 5
16 259 5
22 547 4
49 113 5
10 934 8
37 351 1
7 401 9
3 849 2
37 40 8
7 162 7
18 333 5
10 678 9
40 413 4
42 884 8
12 437 5
2 707 3
26 556 7
28 98 7
13 344 1
40 238 8
17 678 7
46 953 7
45 859 4
13 311 5
48 422 7
40 314 2
38 35 6
18 14 4
21 966 4
17 222 5
21 96 7
10 503 3
43 421 6
5 396 8
42 260 6
16 228 2
17 87 9
2 239 2
28 531 4
32 723 7
26 258 3
32 904 1
5 61 5
38 419 5
30 22 3
46 865 3
40 815 7
40 987 9
31 637 8
13 670 2
47 480 5
34 26 9
31 978 6
31 916 8
4 431 2
46 101 1
4 519 3
15 439 8
8 874 6
4 791 7
18 847 8
26 138 6
28 447 1
32 633 7
43 91 6
3 362 7
27 112 1
43 144 7
4 698 8
34 24 4
22 843 2
43 415 4
30 363 8
45 27 8
17 982 8
30 814 8
41 823 9
40 826 8
23 528 1
24 847 6
2 610 9
8 860 1
26 60 3
48 187 9
1 158 1
46 124 4
26 183 7
48 855 2
33 860 7
44 229 7
33 314 3
24 400 7
41 343 3
19 310 7
43 213 2
14 300 6
22 495 9
11 66 8
22 156 1
16 462 4
29 726 9
35 511 3
32 793 1
49 373 4
32 277 8
3 486 1
44 535 1
45 527 1
11 725 3
8 939 3
20 17 9
43 3 4
40 759 5
37 625 6
36 226 3
44 998 3
8 504 4
6 926 8
36 400 1
39 224 4
17 905 9
38 198 9
42 779 2
19 713 6
36 28 6
49 933 2
16 14 8
13 918 4
6 277 8
16 680 4
15 590 6
41 453 5
26 778 1
5 79 9
33 726 9
38 998 4
37 100 8
20 564 6
30 356 1
35 763 3
42 162 5
27 569 7
31 424 8
2 48 5
25 223 2
36 17 7
36 304 8
37 868 2
43 355 7
46 883 2
40 394 1
41 75 9
44 560 9
39 628 1
7 993 7
31 402 3
12 504 7
20 596 1
13 315 3
5 374 3
7 734 9
38 143 1
3 51 9
18 236 6
40 777 9
13 838 3
24 699 2
10 458 2
46 118 1
8 315 6
34 531 8
18 647 4
36 949 9
30 143 2
7 713 2
34 163 3
5 665 8
48 87 4
14 731 5
43 673 4
32 77 2
25 54 9
15 399 3
4 670 8
32 216 9
7 310 8
17 791 6
25 165 9
1 25 1
12 687 5
13 963 9
14 869 7
9 983 7
49 356 8
9 505 8
23 925 2
14 175 8
10 951 1
17 432 7
34 298 1
21 300 7
9 251 2
27 953 1
12 638 6
43 447 6
32 812 1
17 178 2
47 646 5
27 303 4
30 597 4
43 921 6
4 914 2
42 503 7
22 369 5
8 618 9
21 30 1
28 69 6
45 809 1
47 695 4
35 190 6
24 698 7
23 747 2
9 642 7
36 85 4
13 713 9
43 749 9
11 401 6
22 996 4
42 489 3
38 309 2
43 472 6
29 841 3
9 542 5
15 89 9
3 556 8
22 112 9
8 847 2
33 379 8
40 633 8
22 69 8
2 563 2
17 477 4
33 722 5
40 803 3
12 807 7
5 351 8
45 900 8
16 807 8
18 597 8
4 966 4
8 542 7
15 23 6
41 154 7
7 577 7
36 98 3
8 145 9
11 750 8
9 34 4
25 708 7
49 265 7
32 447 7
15 10 2
27 231 2
32 933 9
45 924 5
19 479 6
29 707 8
34 456 5
21 542 2
26 879 3
36 535 6
41 229 5
14 999 1
46 288 5
24 898 8
15 355 9
27 291 4
6 43 1
18 698 9
45 575 5
42 638 6
16 149 9
36 847 8
44 887 8
6 127 3
1 819 6
43 110 6
47 30 3
28 330 6
15 1 4
1 743 9
29 5 4
13 233 2
30 220 6
17 774 4
19 383 2
49 962 1
5 782 3
6 453 8
35 799 6
24 419 1
3 127 4
17 588 2
30 366 3
48 903 2
46 99 4
42 588 3
13 380 8
15 516 8
24 134 4
32 87 8
29 733 8
42 938 1
3 270 5
4 612 5
11 94 5
20 970 7
28 353 8
38 987 8
33 485 6
28 565 3
28 689 4
2 579 5
27 750 2
33 139 2
41 239 5
21 151 1
21 400 9
6 924 5
31 177 1
26 676 6
26 839 1
33 513 1
10 565 3
39 518 5
27 556 9
24 217 4
21 648 5
26 232 1
14 638 6
3 563 6
35 95 6
30 120 5
45 141 9
32 146 4
40 464 8
35 191 8
36 296 6
26 850 1
47 279 8
29 629 3
13 621 5
23 945 8
16 180 4
23 792 5
32 205 8
35 91 9
2 321 8
9 574 9
17 214 9
7 415 5
15 853 2
11 651 8
34 756 7
49 735 5
39 822 2
37 575 9
22 647 5
18 966 1
45 766 5
24 120 3
11 591 9
41 556 2
49 570 9
37 57 5
40 598 5
39 220 4
34 551 9
8 169 2
34 361 9
22 967 3
44 775 6
19 404 3
25 517 4
32 14 4
9 685 7
2 455 2
46 414 1
49 600 8
15 307 6
18 747 9
22 55 7
41 800 5
40 636 7
5 318 2
38 299 3
34 402 5
21 919 4
35 500 7
43 109 7
41 948 4
8 141 2
5 275 8
31 625 4
38 763 7
23 463 8
19 322 4
20 280 5
12 886 7
10 30 5
44 351 7
35 973 1
33 954 3
11 416 5
47 155 2
16 623 5
39 225 9
13 977 9
49 731 1
43 86 3
14 67 9
34 140 1
30 358 7
49 241 8
31 424 1
35 227 9
10 665 9
38 141 2
38 574 3
8 463 7
46 636 9
38 759 4
47 691 1
43 707 7
45 151 5
4 503 6
40 227 2
23 644 6
22 752 1
4 718 4
32 728 7
3 695 9
49 29 5
11 684 9
46 78 5
15 81 3
30 755 3
33 888 7
35 176 2
2 67 6
15 647 5
11 982 6
16 932 7
17 852 5
13 984 1
43 751 7
33 98 6
13 689 9
5 104 5
7 914 6
37 304 4
31 906 3
37 200 5
3 595 1
21 361 1
42 804 2
16 428 1
40 460 5
33 261 8
22 865 3
10 709 7
37 240 3
4 433 3
13 36 3
26 733 1
43 320 1
31 596 3
28 598 3
7 652 1
23 214 1
13 788 7
10 23 3
16 897 1
45 66 9
26 378 3
20 974 6
15 888 7
4 217 9
1 368 3
9 444 7
40 80 1
37 578 5
30 563 8
6 953 1
21 625 7
43 376 9
14 728 5
8 391 6
11 262 4
16 320 4
45 711 3
8 863 4
1 297 6
27 881 4
7 653 5
23 625 9
11 555 7
16 320 1
10 956 9
5 396 4
23 291 2
33 148 9
49 988 7
32 711 3
36 380 7
32 91 8
44 819 4
37 890 9
20 84 8
36 485 7
5 538 8
16 43 9
12 574 7
26 978 4
24 363 5
18 916 5
9 450 2
12 412 7
38 473 9
49 333 5
16 311 1
33 401 7
9 902 2
2 113 5
39 631 8
33 830 5
11 616 2
34 979 8
17 241 1
20 356 9
6 720 3
38 64 7
11 532 6
23 552 1
11 397 8
12 883 1
8 102 2
4 871 8
25 801 3
9 692 7
33 29 6
10 787 4
4 290 2
41 830 4
38 824 4
34 196 2
35 300 5
11 585 2
27 182 8
22 563 4
49 780 4
30 143 7
43 771 8
1 566 8
5 360 3
47 782 9
19 383 9
23 59 8
4 226 1
29 843 5
17 829 8
29 341 7
4 161 3
2 102 8
5 152 7
14 988 5
1 933 9
24 88 2
40 604 9
26 720 5
39 846 3
12 294 9
5 566 7
31 673 7
28 445 5
37 424 3
49 88 6
47 172 4
43 542 2
22 101 8
2 409 7
29 965 3
46 477 9
36 868 4
8 270 8
17 759 6
15 555 3
20 602 1
1 397 3
25 165 2
12 466 3
33 848 4
17 654 1
28 761 5
13 271 4
29 335 4
40 941 9
4 181 6
40 982 6
42 109 6
45 995 3
28 54 3
13 14 8
47 440 1
20 445 1
8 754 3
7 511 5
8 239 5
22 671 4
32 789 2
22 691 6
40 225 4
23 635 8
6 118 4
44 261 6
37 614 3
15 655 7
36 658 2
33 225 5
49 471 1
21 841 5
48 957 2
31 950 6
30 191 5
24 441 4
39 689 3
39 552 9
31 408 8
11 438 7
20 624 9
11 793 1
29 660 2
2 277 6
47 377 5
8 118 2
13 944 6
20 330 6
40 785 7
32 268 3
22 166 6
40 551 4
16 551 6
37 109 2
33 141 9
9 483 7
15 833 5
41 87 1
49 898 1
39 363 7
33 706 8
46 680 7
49 562 8
39 29 9
48 311 3
12 318 9
3 928 2
15 113 8
33 858 3
3 574 3
24 416 7
22 10 9
14 147 1
26 206 2
12 184 6
18 736 6
6 420 7
37 458 9
43 900 9
14 532 4
31 339 3
26 487 3
39 963 3
31 600 9
43 226 1
14 698 7
45 782 3
14 748 9
10 965 8
32 767 9
25 237 5
27 80 3
38 975 2
10 205 8
24 514 6
40 495 1
20 903 6
17 666 6
44 897 5
45 890 5
13 502 7
30 303 6
18 302 6
36 646 4
20 978 2
31 482 9
37 612 9
43 787 8
41 747 4
36 548 3
30 567 7
9 298 1
9 508 3
14 880 8
9 15 2
36 136 7
21 660 4
3 370 7
1 732 4
28 711 2
19 793 8
47 933 8
6 213 1
32 886 5
30 597 2
33 577 2
37 323 3
12 454 3
33 357 3
40 210 9
39 620 7
36 810 4
23 799 7
16 890 1
1 448 1
3 170 8
8 973 6
46 36 8
17 297 4
17 69 4
25 335 3
28 381 9
38 786 6
15 215 5
26 110 9
30 921 5
13 69 6
2 929 3
42 312 2
45 228 5
35 825 4
29 898 7
40 380 7
14 919 6
42 403 5
1 427 7
30 288 4
10 26 3
16 813 6
22 289 8
27 381 5
22 428 9
46 240 2
18 335 9
13 883 7
26 772 8
16 171 7
43 769 3
5 605 5
18 973 6
3 380 6
35 160 2
48 412 5
34 205 6
7 907 5
3 194 2
46 421 1
5 939 3
30 834 4
8 980 2
44 761 1
25 563 6
27 5 3
40 902 9
40 458 5
13 73 9
13 612 4
27 364 4
14 352 9
44 108 6
35 921 1
28 173 3
40 9 6
23 387 7
47 924 5
28 223 6
45 55 3
15 27 6
34 190 4
14 149 2
15 314 4
1 783 3
1 999 2
19 810 8
39 701 5
22 19 9
26 953 7
3 210 6
5 880 6
14 83 8
2 234 4
3 376 4
2 791 3
25 920 2
13 230 7
11 614 5
26 145 4
25 154 4
36 286 8
31 329 8
6 391 7
42 393 3
26 944 8
2 335 9
36 388 3
43 311 2
49 44 9
2 359 1
19 284 5
36 445 7
26 271 1
42 793 4
2 797 2
48 998 1
3 209 1
7 846 5
38 648 3
23 850 2
24 98 4
40 990 5
45 611 5
40 912 4
22 269 6
2 629 2
4 475 1
41 474 9
19 958 7
24 791 1
25 409 6
13 532 6
20 491 2
49 674 4
6 913 1
4 151 8
1 722 5
36 733 8
11 494 9
22 330 7
27 37 1
39 180 9
6 921 4
46 251 2
8 681 5
47 289 3
19 511 2
14 275 3
4 862 8
16 485 5
29 430 3
21 794 2
33 8 2
16 242 8
10 128 4
45 373 4
26 885 9
10 860 2
32 488 8
23 10 6
5 652 1
7 106 9
38 341 7
17 409 3
9 423 3
14 296 6
36 458 6
25 789 8
27 302 1
42 491 8
3 842 2
34 674 8
21 883 6
30 110 8
1 324 5
46 486 3
20 324 9
35 910 5
20 395 9
19 483 3
13 815 5
20 821 1
22 577 1
1 526 1
23 628 7
9 294 6
7 331 6
39 345 4
21 196 3
44 89 6
31 35 9
35 402 1
20 579 8
21 344 9
7 666 7
1 127 3
2 21 7
10 86 1
49 550 7
48 995 3
4 351 1
21 177 5
34 429 7
16 428 8
48 1 6
39 472 4
29 46 6
38 46 9
11 101 9
12 607 2
15 47 8
39 391 4
4 24 8
34 959 3
33 6 1
22 944 2
24 634 9
37 841 9
10 193 9
18 602 3
1 876 2
48 332 5
36 807 1
44 164 4
43 462 9
45 88 5
44 167 6
4 439 9
35 989 3
40 368 8
27 7 2
43 256 7
15 12 2
31 701 3
7 473 3
45 326 9
41 450 2
20 329 9
22 289 5
15 866 2
8 951 6
17 26 1
31 762 1
18 184 8
46 687 3
10 278 2
34 899 2
38 624 4
20 855 2
38 940 4
20 762 7
10 917 5
12 455 1
17 183 2
15 982 2
13 316 9
8 270 6
37 448 8
10 572 5
17 68 6
3 22 3
39 721 8
25 861 1
36 170 1
46 349 8
24 871 8
17 62 5
18 89 2
46 999 4
28 365 8
29 488 2
11 39 1
40 605 4
48 105 9
13 283 5
29 983 9
2 484 7
24 682 3
39 922 9
14 778 5
43 189 4
49 354 7
40 472 6
38 435 2
49 425 3
49 861 3
6 60 9
25 289 6
44 996 8
24 193 9
34 944 8
27 553 8
37 178 2
5 398 4
10 664 3
5 483 8
12 723 2
9 167 2
3 618 5
6 79 7
35 912 5
25 764 6
35 234 1
6 646 2
39 541 6
4 484 2
27 895 3
11 540 5
38 819 1
49 373 8
7 262 8
14 110 6
15 272 6
10 936 1
41 821 1
4 349 6
8 538 9
8 727 7
44 207 4
2 409 7
19 246 7
25 942 7
6 770 6
44 344 3
11 342 4
5 865 9
44 679 6
36 943 3
39 824 9
21 940 1
27 806 1
2 898 6
21 137 8
15 316 7
49 802 4
13 854 5
20 956 8
37 722 4
41 412 8
19 842 9
21 107 5
2 747 9
26 29 1
17 786 2
30 112 9
10 107 7
11 840 6
45 848 7
20 297 2
28 673 5
33 541 3
42 708 9
40 836 9
39 851 2
27 658 3
25 754 1
42 288 3
18 936 3
42 82 9
12 828 4
40 836 4
15 911 1
38 390 6
30 688 1
11 841 8
29 932 6
3 971 5
8 477 4
30 327 2
11 215 1
25 701 9
46 331 8
18 849 1
30 567 2
38 426 5
34 100 7
31 132 5
35 363 2
2 641 5
49 701 3
12 215 9
27 722 4
32 652 6
26 839 3
44 853 5
17 634 5
30 92 8
14 357 2
3 522 1
27 231 8
9 749 4
38 912 6
30 914 7
27 301 8
14 40 5
1 971 7
21 748 8
33 60 3
43 381 2
31 758 6
19 687 5
29 308 7
15 948 1
43 179 4
49 844 7
17 810 5
43 174 4
49 68 9
31 573 2
44 51 3
32 481 3
17 516 4
30 879 5
49 221 3
11 381 7
3 930 4
8 504 7
49 193 2
3 792 6
9 823 2
10 517 5
14 341 5
6 207 1
14 749 6
26 985 8
6 956 1
5 632 7
47 761 8
22 403 5
17 656 8
18 279 2
48 957 9
38 719 7
6 231 8
6 951 9
32 164 8
7 395 9
22 382 4
33 629 8
25 711 6
43 395 5
28 444 6
47 92 4
30 935 8
31 198 4
6 538 3
23 326 1
33 625 2
42 68 8
1 882 5
28 173 3
32 455 5
28 789 4
26 101 1
38 419 7
45 168 2
5 302 3
18 172 7
34 539 9
29 525 8
20 66 9
29 158 3
2 479 6
28 29 8
21 756 3
35 332 6
9 638 1
2 70 9
32 725 5
33 235 5
38 28 7
42 498 1
22 809 2
29 771 3
49 755 9
4 523 7
16 767 4
1 95 8
39 850 1
34 819 1
32 165 1
14 778 1
8 833 9
46 401 3
11 18 1
33 104 8
10 545 9
4 923 3
28 848 4
17 858 3
9 916 3
18 369 5
38 809 9
12 281 2
16 247 9
32 465 2
39 984 6
8 163 1
37 69 9
6 864 1
6 66 7
20 418 4
2 419 3
12 598 2
43 443 3
42 710 6
12 204 8
26 845 6
32 12 9
22 989 8
36 879 8
12 283 2
11 979 5
37 520 6
3 24 5
8 509 4
39 516 7
14 589 5
32 933 5
34 834 3
24 149 6
22 513 9
48 296 6
43 24 1
13 978 7
33 843 9
35 83 2
19 681 3
31 239 9
24 822 3
42 15 5
2 881 5
26 840 1
14 465 6
29 636 9
27 795 5
49 91 7
3 725 1
33 263 5
12 714 5
16 787 2
46 361 7
6 436 9
14 274 4
14 831 9
2 131 9
41 682 7
31 718 9
29 829 1
29 667 1
8 784 2
1 330 2
29 815 5
45 975 7
44 832 9
43 645 4
30 695 8
44 65 6
5 716 6
46 325 7
43 431 7
37 51 1
34 345 6
21 310 6
5 974 7
25 410 1
9 413 3
7 790 2
25 987 6
2 983 4
38 494 3
16 23 6
24 650 8
25 93 9
37 62 1
29 388 4
47 483 9
42 748 6
44 620 2
39 210 4
48 901 2
41 481 4
18 278 5
12 824 5
19 816 1
37 84 1
12 991 7
32 953 5
48 35 2
9 668 4
26 897 2
38 436 4
38 769 2
9 525 4
22 730 9
45 78 3
45 697 3
39 999 9
28 776 5
3 733 4
4 852 9
25 629 1
46 85 5
32 587 7
22 948 5
10 230 8
13 817 2
38 632 9
29 984 8
24 371 9
17 561 6
12 177 2
43 136 5
36 715 4
7 740 7
18 26 2
13 374 6
7 776 7
33 188 7
45 78 8
6 116 2
46 198 5
6 478 4
26 727 5
12 187 6
38 307 2
7 445 4
12 735 4
42 179 9
31 987 5
32 894 3
42 472 2
2 628 1
46 886 5
24 551 9
44 852 9
34 738 3
48 26 9
42 783 5
34 277 8
4 596 1
26 302 4
10 290 9
46 694 1
28 950 2
11 798 7
14 418 6
3 464 2
30 433 1
29 229 5
10 649 7
23 91 9
19 468 1
5 978 2
16 630 6
4 765 9
21 972 3
24 696 8
24 389 8
23 949 9
3 363 1
33 244 1
27 64 7
27 168 3
43 444 2
39 160 8
21 450 8
25 769 1
46 863 2
37 513 5
27 996 8
23 628 6
7 429 6
32 250 1
1 223 3
44 298 9
24 274 8
9 568 1
6 362 6
35 371 3
40 260 7
27 959 2
18 560 7
35 966 4
35 438 8
38 323 9
43 667 3
30 882 3
24 943 3
4 959 4
42 161 9
2 346 4
9 323 3
47 311 3
42 757 8
48 108 6
48 239 4
13 600 1
28 962 8
39 343 1
39 537 6
10 260 1
23 858 6
35 479 1
43 652 9
42 320 8
31 498 1
33 461 6
19 775 2
42 803 3
38 915 6
4 527 5
19 160 5
46 810 6
33 445 9
13 220 3
29 457 5
25 542 4
40 358 4
1 566 5
8 408 8
9 199 3
11 285 9
17 270 8
34 902 9
6 658 1
28 925 5
5 380 7
49 622 2
43 613 1
37 415 1
13 283 8
36 759 4
33 138 3
35 898 3
48 973 3
7 121 8
43 119 9
48 148 7
45 701 7
20 862 5
21 265 7
7 155 7
45 972 9
38 246 4
14 419 2
39 150 5
47 894 7
18 194 8
42 844 4
24 412 1
17 585 3
38 718 4
49 377 1
22 831 1
46 701 4
21 365 9
30 29 2
32 229 5
26 149 9
7 838 7
14 432 4
7 212 9
31 655 7
19 900 9
7 1 8
46 491 3
49 930 3
11 437 6
32 159 8
4 233 6
6 802 4
9 571 8
18 692 6
33 138 3
44 591 3
19 471 5
45 646 8
27 291 3
31 37 6
49 446 4
17 932 3
43 80 6
27 44 2
13 763 2
37 508 6
41 978 8
46 540 3
36 220 3
3 966 3
18 645 6
41 96 1
48 468 6
40 693 4
3 425 8
10 284 1
27 549 4
45 432 3
21 862 7
17 996 9
17 710 5
23 798 9
2 939 6
11 265 3
18 187 5
11 279 7
39 133 6
22 937 6
13 59 1
30 68 4
15 437 2
17 332 6
7 684 8
22 292 9
46 479 6
46 165 3
10 140 7
27 818 6
1 22 1
16 970 5
24 67 7
39 238 3
17 579 9
1 278 3
30 744 2
15 841 3
17 415 7
10 451 5
42 383 8
35 72 3
12 950 5
36 730 8
38 927 9
17 481 7
44 656 1
36 638 4
5 143 2
43 22 9
19 493 4
5 54 3
29 769 6
9 795 4
15 464 4
13 896 5
10 383 3
17 121 8
25 557 7
43 985 8
14 788 6
28 985 3
10 984 4
34 853 6
40 547 2
4 645 4
24 144 8
38 786 9
14 133 5
19 316 9
13 786 4
41 646 7
45 248 7
36 977 2
5 567 6
44 381 2
27 463 8
46 905 8
44 346 3
29 647 3
1 111 4
22 386 1
8 526 3
32 581 8
13 783 5
11 598 6
41 919 9
16 850 2
4 510 5
31 892 3
44 266 3
9 416 8
2 767 2
31 584 4
38 438 2
13 595 5
7 419 3
49 770 6
34 435 9
24 265 1
39 294 3
6 307 4
16 389 3
13 69 1
39 41 5
48 873 5
45 385 7
2 38 9
15 455 3
37 265 6
39 831 2
31 983 1
35 108 9
13 167 5
42 22 1
45 893 7
32 661 3
40 681 2
48 367 7
2 103 1
45 623 3
18 352 4
44 703 2
21 444 6
32 877 7
28 441 8
16 730 9
16 600 5
22 820 1
24 827 4
45 603 3
35 441 3
49 368 1
8 53 4
18 1 5
29 254 5
44 965 5
4 677 8
13 426 8
42 387 4
29 104 1
18 128 8
43 722 6
42 433 2
31 426 9
7 722 1
10 933 9
32 2 8
14 45 9
9 431 8
17 542 3
35 159 4
30 632 3
7 664 1
35 418 1
3 770 2
33 164 7
1 45 6
27 733 6
23 330 2
18 817 1
17 81 7
7 997 6
39 935 3
19 946 4
21 469 8
31 755 9
41 770 7
12 910 1
4 320 4
15 104 8
29 366 8
20 514 3
30 707 2
12 98 9
45 111 7
38 467 5
4 537 8
25 604 8
11 431 2
34 167 4
13 635 9
20 431 7
6 906 1
17 723 8
4 582 1
7 689 6
21 489 3
45 184 1
12 348 7
43 188 2
8 800 6
30 985 3
14 459 8
2 439 1
12 589 4
27 815 8
26 155 9
2 814 3
15 705 6
23 146 2
45 678 7
3 949 8
28 191 8
42 547 5
22 678 8
9 851 1
48 814 3
46 821 4
27 197 6
7 652 6
18 511 8
35 969 9
21 178 1
42 760 7
11 721 8
39 81 1
35 527 4
23 267 6
3 766 4
32 809 6
19 302 1
15 45 6
2 460 3
40 287 6
44 684 4
24 520 4
6 330 6
17 705 2
13 742 2
8 863 7
30 215 3
25 193 9
49 747 7
31 787 6
22 858 5
39 639 9
45 699 4
5 572 6
3 79 9
28 697 5
30 235 3
38 766 5
37 696 2
46 485 5
15 890 5
3 354 4
49 674 8
44 378 3
15 451 1
10 939 2
14 90 2
3 205 9
34 328 3
20 356 8
46 858 6
11 954 9
38 728 5
43 665 5
32 752 3
33 168 5
4 337 2
19 631 8
18 524 9
46 482 5
40 10 5
22 964 4
34 705 1
22 930 8
45 931 1
7 785 6
38 191 8
21 100 8
46 278 1
9 860 5
8 892 5
4 703 3
4 927 6
18 677 6
30 610 7
19 897 9
35 913 1
2 312 1
25 16 6
35 788 8
7 268 7
40 749 7
42 468 5
10 872 4
35 345 1
3 637 4
48 636 8
32 959 2
22 676 6
40 309 1
35 903 5
1 623 4
13 715 4
2 603 2
4 218 4
49 926 8
10 796 5
19 18 7
47 408 7
45 682 8
28 264 8
1 201 9
18 478 4
37 459 1
32 822 9
32 895 7
6 294 1
43 932 7
2 403 7
4 876 5
36 142 5
11 185 8
23 35 8
14 597 5
47 744 7
16 102 8
19 743 5
17 869 7
34 594 4
5 874 4
7 458 9
35 246 4
41 862 9
42 741 9
40 205 5
42 750 5
5 741 9
35 974 2
9 467 1
27 344 2
40 288 7
27 999 9
47 962 7
14 652 7
23 966 4
12 727 4
7 828 5
24 283 6
1 741 4
49 887 5
13 35 2
47 45 2
4 381 9
15 517 1
44 48 2
33 437 8
14 784 5
48 834 6
9 893 8
40 835 3
40 254 8
17 606 5
14 856 8
23 150 9
36 663 2
10 601 6
25 714 7
46 181 1
14 257 2
25 408 8
17 696 9
30 129 9
40 985 1
2 666 4
27 105 9
1 984 4
32 753 5
30 237 5
33 438 9
30 96 9
32 817 3
49 74 3
31 471 5
39 829 4
34 382 9
15 459 3
14 934 6
1 154 8
28 671 4
4 99 1
19 551 5
18 719 6
17 772 6
35 722 4
45 281 8
42 548 5
32 844 2
44 882 3
31 563 7
5 424 6
46 590 5
23 477 4
14 213 8
10 503 8
16 731 9
16 283 6
5 862 1
23 939 9
47 315 5
21 863 3
22 679 7
39 581 4
21 78 9
3 204 5
24 944 4
19 680 6
11 871 3
9 452 3
23 293 3
32 67 8
39 871 2
18 257 6
30 661 3
48 575 6
7 722 2
2 101 7
29 977 2
22 478 1
24 640 6
22 591 7
20 190 4
20 309 8
43 860 2
16 340 8
46 687 7
5 351 6
8 895 1
15 339 8
3 183 8
25 181 2
3 194 1
11 902 1
40 606 3
15 381 1
38 151 1
29 859 7
21 904 8
14 877 4
31 511 4
41 253 4
30 733 7
38 542 6
43 653 6
21 727 7
23 341 4
7 651 7
23 760 9
6 643 3
26 217 7
18 120 8
39 661 9
24 751 8
36 696 3
21 795 1
3 669 8
27 442 1
6 464 2
44 68 6
8 872 4
49 780 4
4 689 5
22 793 6
12 432 9
21 930 9
11 950 3
29 81 1
6 460 4
10 150 8
12 589 7
42 727 1
37 98 5
37 590 3
24 308 2
47 341 3
28 418 7
42 159 4
41 653 2
4 942 7
39 668 2
23 205 8
23 232 5
33 287 9
32 683 8
6 553 4
25 412 7
47 210 2
48 108 6
40 6 2
20 254 2
36 443 8
4 353 3
19 391 2
15 631 7
47 662 1
42 694 6
17 679 8
43 135 7
37 519 4
10 981 3
26 831 5
24 76 6
6 531 8
4 225 6
41 27 1
22 433 9
22 144 1
33 754 9
4 200 3
30 140 3
12 961 5
22 869 8
28 813 5
17 363 4
25 917 1
15 750 8
10 273 8
12 695 5
26 842 4
40 720 6
26 582 1
29 872 5
47 380 8
49 59 8
10 976 6
25 234 9
38 87 9
20 371 8
8 501 1
6 714 7
11 712 4
6 605 9
17 189 1
2 710 5
13 396 6
42 270 4
16 485 9
5 903 8
38 280 4
23 531 7
1 78 5
21 38 6
22 561 3
21 897 2
44 973 8
17 143 7
9 437 4
24 566 6
28 944 4
48 414 3
29 412 7
46 240 8
34 769 8
36 99 5
11 567 5
18 307 3
37 834 5
3 953 3
38 35 9
1 298 8
7 457 5
11 505 1
28 204 4
22 303 1
47 669 7
23 979 7
35 503 1
15 445 6
1 145 3
2 444 3
30 31 8
46 544 8
16 460 2
20 57 5
34 794 7
47 84 2
32 67 1
6 180 2
33 707 2
46 595 2
48 973 6
19 537 7
9 242 5
1 858 7
42 483 6
37 403 8
10 642 9
1 35 8
8 971 2
29 768 2
15 879 9
22 42 5
11 761 2
13 679 2
7 97 7
32 401 2
19 291 4
49 550 1
45 61 8
6 248 9
37 712 5
20 46 1
7 512 4
17 9 7
21 590 2
8 332 4
21 755 7
1 645 5
48 461 3
8 348 5
18 182 5
38 373 6
32 740 2
24 681 8
9 616 3
28 185 2
30 351 7
18 912 3
41 187 2
14 144 7
24 989 6
25 884 1
1 588 9
6 582 6
17 824 7
32 132 2
42 60 8
16 462 2
4 607 8
48 276 5
18 714 1
41 634 9
45 520 9
41 445 5
49 292 1
35 495 4
13 823 9
6 470 2
21 641 3
7 516 8
20 162 1
43 478 3
5 399 9
46 822 1
41 710 4
49 398 4
4 787 5
33 229 6
11 636 7
23 912 8
37 921 5
34 650 5
32 703 6
37 386 8
15 280 5
21 929 6
48 745 7
39 226 1
8 830 6
9 449 9
39 794 2
27 860 1
10 719 1
31 172 8
42 381 7
38 357 8
9 596 3
16 920 1
21 518 3
48 31 8
2 692 7
5 665 2
2 145 7
45 249 7
39 81 7
23 789 4
46 52 5
13 375 4
22 705 8
28 678 1
4 489 8
47 494 4
41 907 2
19 869 7
25 764 5
21 872 1
36 841 7
15 135 1
11 978 1
16 921 4
5 132 4
6 402 2
10 592 9
18 859 2
19 375 9
2 518 7
14 646 8
10 74 7
4 720 4
33 104 6
35 412 2
22 898 5
47 946 3
19 139 4
36 5 7
33 61 2
42 98 8
5 447 9
38 920 8
19 224 2
14 35 8
43 279 3
3 732 3
39 20 5
27 12 7
39 189 2
4 425 9
9 559 3
16 9 5
43 189 3
4 22 9
11 637 6
20 437 6
46 733 8
7 384 8
25 201 5
8 983 6
25 378 7
29 456 4
35 656 2
21 802 3
20 304 7
19 61 2
12 736 3
26 751 6
43 266 9
12 340 1
15 72 9
21 345 3
13 360 9
20 61 7
1 200 2
8 57 8
49 799 5
14 729 6
34 295 8
4 684 6
25 42 3
4 925 5
18 626 5
8 206 9
26 968 2
44 549 2
36 542 8
44 961 5
38 908 9
39 584 6
14 690 3
31 605 9
27 503 2
40 39 8
36 734 3
40 330 9
26 167 2
10 700 6
17 681 4
40 811 2
3 712 5
12 174 5
43 260 3
12 611 5
1 8 7
1 366 3
29 744 6
41 658 3
1 838 6
45 15 6
34 872 4
42 172 7
22 838 3
2 216 2
28 510 7
44 689 1
37 21 6
44 485 7
20 604 5
45 7 1
22 711 9
6 691 7
34 988 7
34 387 4
49 644 9
17 493 4
26 700 5
10 996 1
36 518 1
18 664 5
5 247 5
44 259 9
48 29 7
14 99 6
4 798 1
16 135 5
8 193 3
7 715 8
5 798 1
7 561 5
5 18 9
41 760 4
4 678 3
19 890 3
38 51 6
48 949 6
40 993 9
5 922 1
41 502 6
20 492 6
35 462 5
15 560 6
24 197 8
42 921 5
13 560 8
34 38 2
24 564 4
13 559 7
10 19 2
1 460 8
8 266 8
36 403 8
39 846 6
7 907 6
16 840 8
15 7 7
26 976 1
15 944 1
39 623 1
2 531 8
20 945 3
43 167 7
22 673 7
5 860 2
10 619 5
36 437 9
27 545 3
27 655 8
45 969 1
23 708 7
29 802 6
5 993 2
18 561 6
39 420 1
26 210 5
29 773 7
43 864 3
47 486 7
6 195 3
31 292 6
25 672 6
39 884 8
26 768 1
24 169 4
34 994 5
37 804 3
43 604 9
37 371 6
34 485 3
28 570 6
15 157 9
21 908 2
42 275 2
8 83 6
19 38 8
37 631 1
4 583 9
40 157 8
33 288 6
34 383 8
11 869 9
47 111 7
3 818 9
39 991 2
7 331 1
36 482 1
46 501 8
44 688 2
28 529 9
8 220 2
14 768 6
21 848 6
23 63 3
3 897 3
37 522 7
7 648 3
3 800 6
29 582 9
23 364 6
22 786 7
48 700 1
29 543 9
32 661 7
46 328 1
34 626 9
23 312 7
41 734 5
8 759 2
2 261 3
22 246 4
46 815 1
42 839 4
7 428 5
40 835 6
32 617 1
1 260 4
25 244 8
12 72 1
1 148 7
34 284 7
14 137 1
8 754 9
42 143 2
45 645 9
19 597 2
49 800 7
4 341 6
24 300 5
48 979 6
2 742 2
47 812 1
2 171 7
37 362 4
45 201 9
14 579 2
41 558 7
39 451 5
11 990 6
13 373 3
3 141 6
40 258 7
38 694 4
38 572 5
3 38 6
16 643 8
14 8 7
48 827 5
3 345 2
34 352 6
48 994 2
34 276 5
5 332 6
23 635 1
35 330 2
38 778 6
1 577 2
32 246 7
30 406 8
25 75 8
14 951 2
3 58 5
35 925 3
17 724 7
39 534 1
5 557 4
25 89 3
46 969 5
10 88 5
34 432 6
33 376 2
14 60 5
21 460 9
37 989 3
16 783 4
6 34 9
25 946 7
34 966 2
36 640 6
37 593 5
18 614 2
36 697 5
22 118 4
28 925 2
34 38 8
19 501 3
26 812 3
11 269 4
1 677 4
35 599 3
39 392 2
36 5 6
29 215 4
46 666 2
15 363 3
25 277 6
29 246 5
4 795 3
4 615 2
28 72 7
22 36 2
18 880 4
38 667 1
48 293 9
46 747 9
37 812 6
41 240 6
29 695 6
28 863 8
41 947 6
44 976 5
21 285 9
7 850 1
19 229 3
45 625 2
20 797 1
11 244 5
43 216 6
34 981 5
37 217 4
34 240 5
24 723 2
43 827 5
25 331 6
15 54 1
39 641 5
16 87 3
30 356 3
40 243 9
48 81 9
33 224 3
21 861 3
35 438 1
9 776 5
43 451 5
37 208 4
32 296 7
25 238 2
43 883 8
21 659 8
38 949 4
10 730 9
45 288 4
7 190 5
19 664 3
31 57 3
9 443 9
17 787 1
6 24 1
12 133 9
19 331 1
21 14 1
47 466 9
35 235 7
19 87 3
15 357 5
15 124 4
36 473 8
14 480 4
42 387 2
15 273 6
24 800 2
46 111 8
11 361 6
27 764 9
47 335 3
5 436 9
35 924 3
20 196 5
12 131 4
25 390 5
47 920 3
49 610 5
21 309 3
17 642 1
23 993 1
8 700 4
36 923 7
34 171 2
12 464 7
27 218 9
47 481 8
5 706 6
35 920 6
39 795 6
25 418 8
23 863 5
37 254 7
20 500 4
28 82 8
11 667 9
37 966 2
37 61 5
11 60 6
14 480 8
38 930 3
21 619 8
26 827 7
33 634 2
29 953 9
13 480 1
21 39 3
44 832 8
43 627 4
33 13 5
35 349 5
23 629 2
4 272 9
18 919 1
5 741 9
26 919 9
13 672 2
12 761 4
28 49 9
2 17 4
20 898 1
14 673 7
6 924 6
39 341 6
32 705 6
9 535 5
44 498 1
17 841 4
22 346 7
25 788 4
35 368 8
1 296 5
35 628 8
20 193 7
44 623 7
35 590 8
7 575 1
34 615 4
21 980 5
5 579 7
19 144 5
9 303 1
47 124 6
32 159 9
42 484 1
32 122 4
27 708 2
44 636 2
2 666 9
20 566 9
8 70 8
37 77 4
19 259 1
22 977 5
25 575 9
22 754 4
20 770 8
14 837 2
30 80 2
30 561 7
48 506 2
27 563 6
9 466 1
35 842 4
25 604 2
37 654 8
43 21 1
14 559 1
27 603 8
10 851 8
11 882 9
10 840 3
19 746 9
37 722 3
45 646 1
46 2 4
17 629 6
35 237 6
49 180 5
16 841 7
1 508 6
14 248 9
49 137 5
31 590 6
24 866 1
19 540 2
27 803 8
23 987 1
30 368 7
23 305 2
36 797 5
23 913 9
11 371 8
13 918 2
14 835 3
38 725 1
29 960 9
28 561 5
48 523 1
24 12 6
13 596 2
26 160 5
28 260 4
42 644 4
7 33 8
26 510 4
45 358 9
32 643 1
26 883 1
26 977 4
3 766 3
7 476 9
7 73 8
8 974 1
29 489 4
10 921 9
19 93 4
28 524 5
9 921 6
1 371 1
22 178 9
9 138 7
37 166 8
20 69 7
24 765 7
19 91 1
46 771 3
32 485 3
12 512 3
40 375 3
36 87 9
21 242 2
20 999 3
12 59 6
38 623 5
12 883 4
12 630 7
28 657 5
48 607 1
43 365 4
47 906 7
14 436 5
9 429 3
35 241 7
4 281 8
44 40 7
31 438 6
23 288 5
3 830 8
33 707 3
15 289 6
36 752 7
43 236 4
40 622 8
36 698 9
16 948 4
46 463 9
25 450 6
43 675 8
8 88 1
20 781 2
14 841 6
12 228 5
42 941 5
13 757 8
16 581 8
24 733 3
38 406 9
1 412 9
1 203 4
36 298 1
14 884 2
46 836 5
44 863 7
45 643 7
49 20 1
11 468 4
9 428 3
16 187 9
40 292 2
10 171 2
47 393 2
36 430 7
28 235 4
9 710 7
24 993 6
35 313 4
43 288 8
27 649 3
29 74 5
19 366 4
4 26 8
14 613 3
6 637 3
25 476 8
39 887 1
11 732 5
17 183 4
1 644 5
14 529 6
1 757 9
7 345 5
46 178 6
11 809 1
4 541 7
16 16 2
1 534 2
25 720 3
45 3 7
39 566 4
41 141 2
11 896 5
6 946 2
1 999 7
38 448 5
23 563 2
38 775 3
15 679 9
5 999 2
39 384 7
49 189 1
2 215 4
6 208 4
30 343 1
25 133 7
25 614 9
25 114 1
29 81 2
14 979 8
36 610 5
8 65 2
30 818 7
24 215 8
26 870 6
12 155 3
31 766 3
47 719 8
23 829 5
32 972 9
19 152 6
34 932 8
14 891 6
34 644 2
39 418 7
39 930 7
29 349 5
25 954 3
21 521 1
31 729 7
15 16 6
16 44 8
24 441 5
1 421 9
46 910 3
1 252 5
39 578 1
37 222 7
29 733 5
38 474 3
44 423 9
22 347 5
44 153 4
36 98 8
26 114 8
49 71 8
13 125 7
47 477 2
16 848 5
36 66 2
39 821 8
5 985 3
11 490 1
33 944 8
4 711 2
8 489 9
48 927 5
5 93 5
46 940 6
5 428 6
4 847 8
23 651 2
20 601 6
32 420 2
1 965 9
26 147 9
19 216 6
15 750 9
10 411 1
33 211 5
28 343 3
39 230 5
48 937 9
43 618 6
10 88 5
39 178 5
21 241 4
21 119 4
43 726 7
48 474 1
32 146 1
28 283 4
45 151 4
45 677 8
15 369 3
8 813 1
31 61 7
38 475 6
43 869 9
39 900 5
33 997 4
30 6 5
2 577 9
27 749 1
39 942 8
33 122 1
38 152 7
29 966 2
20 35 6
20 49 4
17 375 1
38 917 6
25 625 4
28 154 3
47 841 8
36 493 1
44 568 6
32 26 6
30 702 5
33 605 6
43 364 2
43 405 9
11 449 1
8 646 2
27 672 3
30 334 7
37 725 7
21 906 5
27 789 4
6 244 3
40 888 4
23 2 3
30 308 9
11 102 6
48 132 2
32 60 2
44 7 4
28 560 9
22 686 3
45 421 2
18 249 7
16 544 7
28 506 8
28 478 1
5 331 6
49 626 3
4 573 7
11 304 8
8 997 9
29 920 4
9 113 9
49 939 4
38 523 5
46 313 3
31 954 1
19 838 3
45 298 8
47 776 3
6 461 1
42 578 9
22 373 4
41 170 6
22 252 4
38 926 1
18 732 9
42 363 7
10 598 5
4 161 6
14 893 7
16 200 9
1 500 1
40 762 8
13 811 7
43 872 3
22 422 5
40 791 5
15 44 6
36 751 5
22 500 4
27 443 3
37 63 7
6 909 4
41 921 2
32 621 9
29 322 7
13 696 3
3 581 8
3 711 3
2 426 5
20 623 7
44 879 4
8 569 3
49 578 5
41 441 3
28 238 9
30 265 9
36 321 4
9 4 2
3 194 4
41 782 3
29 408 9
26 569 8
29 29 9
48 878 8
34 429 1
13 102 2
23 967 7
36 507 8
37 192 3
3 239 9
16 654 9
13 656 1
5 155 2
37 352 4
49 305 8
19 618 1
14 425 4
41 586 4
48 251 4
48 126 8
5 272 2
22 287 8
13 302 9
26 333 9
3 101 8
31 281 2
46 138 3
24 991 1
38 283 8
40 487 6
23 823 5
13 980 4
47 683 8
6 522 7
39 813 6
34 984 7
3 139 7
26 959 7
37 674 9
26 474 9
7 315 4
34 569 9
25 176 6
33 725 5
8 569 5
40 295 8
12 956 2
33 260 4
3 229 3
17 395 8
29 601 5
44 839 4
39 396 8
25 292 1
27 140 3
15 477 9
8 866 1
13 882 6
4 515 1
24 48 8
19 966 5
11 534 7
13 11 6
26 798 9
8 138 2
6 842 2
49 615 1
46 875 7
22 302 8
24 286 8
23 303 9
36 665 2
36 381 3
8 906 8
35 403 8
24 440 4
26 593 6
3 537 6
35 531 8
38 524 5
31 908 8
39 568 7
12 61 7
42 64 1
1 305 7
19 205 5
16 242 1
48 437 6
30 953 4
19 307 3
44 981 1
24 661 9
25 444 6
10 775 4
8 455 2
33 338 9
39 548 5
27 419 7
40 546 5
8 229 4
8 754 3
9 862 4
45 498 6
14 762 5
18 998 7
1 889 2
37 312 7
9 422 2
17 475 5
3 438 9
8 836 4
14 296 1
10 104 4
14 601 7
12 290 3
15 474 7
31 638 4
36 182 2
28 820 8
43 790 3
44 554 1
35 93 6
46 349 1
41 921 5
44 867 7
10 360 1
28 736 6
30 981 7
47 514 8
24 880 3
19 309 8
44 991 1
9 789 5
7 482 7
3 550 7
23 430 6
24 11 1
37 602 9
28 347 1
22 719 5
16 156 8
28 213 6
22 184 9
6 611 4
5 376 4
28 487 9
47 418 1
36 525 6
37 709 9
37 72 7
24 840 9
47 568 3
47 630 7
20 812 3
11 35 9
20 164 9
6 560 3
2 678 3
32 217 1
11 690 7
1 260 7
36 392 8
11 357 5
39 383 6
33 231 2
39 452 4
40 913 5
15 906 5
45 471 5
19 952 1
2 72 7
21 420 9
9 491 5
31 189 7
1 122 4
34 667 5
2 29 7
10 625 3
38 980 5
36 804 3
38 886 9
25 505 3
43 509 7
46 248 6
3 251 9
29 552 7
1 36 8
26 541 9
46 184 7
11 181 9
18 222 2
34 565 2
40 42 5
7 288 7
24 405 5
24 344 5
2 555 2
2 952 9
40 161 2
16 932 2
4 938 5
48 250 3
31 723 8
6 132 5
8 381 4
42 312 3
44 591 6
19 247 1
22 342 9
1 138 2
45 156 4
46 564 1
32 305 2
46 607 7
35 716 7
6 884 1
43 818 6
2 834 7
3 911 5
2 514 5
4 979 7
32 809 3
26 288 8
24 456 9
38 882 5
42 128 4
10 536 9
46 662 5
14 176 7
47 956 5
23 655 9
43 493 5
12 718 4
10 492 9
41 945 6
21 459 6
1 63 1
19 66 5
45 433 7
11 789 6
15 426 4
10 781 1
39 136 5
47 795 1
23 86 9
18 440 6
31 744 3
11 533 3
10 361 3
38 139 6
39 100 7
20 222 4
18 751 4
14 258 5
36 915 9
23 605 5
16 174 8
29 875 8
14 654 8
38 404 1
46 798 1
20 212 4
8 699 5
16 135 9
15 10 3
45 550 4
34 652 4
25 378 3
43 792 9
39 484 5
22 524 1
17 338 5
33 144 8
15 78 5
10 933 5
40 517 3
29 985 6
7 364 5
34 343 2
30 563 8
28 601 1
17 556 3
26 368 1
18 506 4
21 230 7
11 171 1
20 654 4
19 289 6
31 514 6
30 421 8
9 413 3
14 7 7
15 413 5
23 331 4
15 613 8
49 987 6
34 285 9
1 313 9
25 293 1
11 173 5
46 718 2
4 889 8
9 588 5
49 114 2
41 543 3
47 248 8
5 25 3
46 577 9
35 989 3
43 883 4
16 979 8
21 439 6
35 975 6
33 954 1
37 883 1
24 991 5
4 885 2
49 221 3
30 285 8
27 311 6
30 719 3
46 643 8
41 806 8
29 341 7
46 858 6
47 973 4
38 110 6
1 833 8
41 176 4
35 150 6
4 926 5
31 224 6
33 651 8
23 514 6
6 645 8
21 868 6
22 151 7
18 235 9
7 977 3
26 807 8
26 325 4
16 72 2
17 644 2
19 16 9
10 860 5
26 343 9
48 610 4
28 548 4
16 376 7
1 97 1
5 22 1
13 588 7
21 439 2
32 817 9
23 64 4
36 37 3
28 708 7
31 906 5
8 184 2
42 715 7
31 369 1
32 71 4
21 763 8
37 815 4
13 740 2
3 902 2
33 451 7
31 974 2
8 987 5
36 905 9
41 535 6
4 201 5
29 411 9
49 92 4
32 976 5
36 926 7
49 283 5
13 95 6
6 909 9
4 102 2
1 768 5
1 930 5
22 896 2
35 104 3
27 526 7
26 508 5
12 87 6
22 407 9
44 936 6
34 17 8
35 643 1
36 467 3
16 713 5
4 709 9
36 705 1
27 724 5
43 668 8
19 426 9
28 970 7
39 8 5
43 724 9
26 811 5
1 749 6
47 949 1
19 222 4
4 544 7
31 840 7
11 395 7
12 739 4
33 64 9
38 625 2
28 754 2
8 101 3
44 840 6
37 233 9
5 86 3
32 625 6
30 938 2
21 431 3
9 477 1
27 374 5
17 204 2
14 712 3
43 333 3
4 774 9
31 459 4
12 394 8
35 684 7
35 755 5
28 15 2
13 33 6
38 688 9
30 357 1
37 941 9
24 955 6
3 338 6
31 351 1
41 836 1
48 188 6
19 863 1
35 208 6
41 4 9
14 566 3
17 714 8
44 289 6
32 959 1
46 94 7
14 34 3
18 438 8
29 17 6
7 966 5
27 379 8
18 457 6
41 352 6
42 957 7
24 766 9
22 957 3
43 642 8
37 786 4
30 582 9
3 46 2
29 925 2
37 911 7
17 360 7
6 648 7
31 296 7
1 76 7
41 59 7
43 81 9
16 765 4
22 257 4
4 483 8
44 164 8
10 866 5
26 304 4
37 484 2
16 366 4
22 762 6
16 425 3
18 73 2
4 160 7
34 932 1
42 488 2
44 4 1
37 828 7
18 921 4
2 766 1
24 39 4
28 381 6
47 579 4
15 651 1
44 644 3
15 482 5
14 514 6
12 100 5
21 886 5
30 889 5
36 902 6
30 984 8
9 933 8
42 233 9
10 422 4
7 138 6
29 108 4
2 916 4
45 585 5
46 878 3
32 601 2
23 77 4
44 449 9
16 228 6
39 854 4
10 979 4
19 808 4
11 65 8
32 856 7
1 542 9
18 170 6
13 215 8
12 59 6
19 279 7
47 246 3
47 41 9
33 426 5
24 353 6
26 202 4
15 15 5
31 245 2
5 512 9
17 519 2
29 481 1
35 68 1
49 981 5
27 798 7
4 905 8
25 939 9
2 202 6
20 291 5
21 89 1
32 389 6
49 359 8
36 228 3
38 286 1
18 793 6
35 997 8
14 960 8
37 540 3
5 995 5
34 778 3
43 259 4
48 59 1
14 893 3
46 8 7
37 441 5
30 339 2
43 335 6
15 785 3
47 268 7
37 464 1
35 885 7
6 51 1
29 161 2
45 719 7
4 271 6
36 769 3
45 401 2
13 824 3
34 959 9
34 98 4
38 607 4
29 595 9
5 141 5
12 469 3
38 149 1
7 128 2
47 403 7
39 936 9
9 984 5
20 263 3
7 828 4
17 660 2
49 535 7
22 346 6
37 100 1
25 238 9
27 816 4
40 172 3
24 805 4
36 268 5
14 739 2
41 107 5
35 138 6
18 992 1
41 391 8
14 41 2
21 709 6
19 798 4
19 569 7
2 982 4
11 415 3
30 912 8
42 69 1
2 461 9
30 123 4
21 637 6
24 852 3
43 170 6
23 525 7
27 342 7
19 162 6
7 533 8
17 553 2
43 39 1
14 53 6
19 696 2
34 925 7
41 555 5
35 196 5
44 932 4
2 470 2
34 112 1
29 836 5
21 346 7
37 350 5
21 958 8
29 930 5
43 537 8
32 732 3
14 366 5
2 140 7
49 187 8
42 700 6
28 186 9
3 105 5
12 578 6
15 681 8
46 547 2
49 64 4
4 755 8
28 402 1
48 727 8
26 421 5
33 316 2
2 171 7
12 318 6
20 173 2
17 660 8
46 54 8
1 549 4
22 797 8
17 985 5
15 508 9
5 356 1
6 718 7
6 820 9
40 183 8
28 453 1
22 605 9
43 372 9
21 837 2
2 142 5
39 189 6
30 961 1
43 83 6
2 219 6
1 666 8
20 106 8
11 802 8
18 819 8
4 631 8
41 638 5
34 288 2
20 1 9
19 809 1
44 886 4
13 266 1
32 403 8
36 112 6
20 10 4
33 645 4
4 253 2
3 381 9
45 692 9
40 542 7
42 650 1
8 835 4
36 998 8
5 593 2
29 661 3
14 294 6
34 889 7
42 29 7
31 617 3
31 898 4
45 673 5
22 162 9
15 29 8
49 380 4
36 455 6
4 75 2
49 586 8
19 910 7
2 772 2
17 734 6
38 762 2
12 304 1
47 63 2
34 722 1
13 831 3
2 682 3
34 356 2
19 387 2
5 156 9
44 510 2
30 991 5
47 532 2
10 685 1
13 167 9
11 852 3
37 559 7
13 143 9
20 649 8
6 387 8
2 691 2
43 461 2
25 806 3