1
2
3
4
5
6
8
10
12
15
17
18
20
29
47
7
9
13
14
16
19
21
22
23
25
27
30
31
43
46
55
67
11
24
26
32
33
34
35
37
38
54
61
84
28
36
39
44
45
48
65
66
78
89
128
40
49
50
51
60
64
72
76
77
85
41
53
59
62
63
68
70
86
101
42
57
71
82
87
88
96
102
103
52
56
58
69
80
90
95
104
105
116
73
74
75
79
83
93
94
108
109
141
81
91
92
98
99
107
110
112
118
121
131
137
155
97
106
113
115
117
123
133
144
147
150
100
114
124
152
157
208
111
119
120
125
126
127
129
134
135
139
122
130
132
138
142
143
146
148
149
153
154
158
166
136
140
145
151
159
160
163
164
168
169
170
172
175
177
180
194
219
156
161
162
165
173
174
178
187
189
195
209
212
167
183
197
199
201
204
236
171
176
179
181
188
198
211
215
182
184
193
200
202
206
210
225
185
190
191
205
207
213
220
221
186
192
196
227
228
229
232
238
246
247
257
203
216
218
222
224
230
266
214
217
223
234
237
240
243
245
252
262
276
321
226
233
239
242
251
253
260
265
273
231
235
250
264
274
275
241
244
254
283
285
301
306
325
342
248
249
256
261
280
302
317
255
267
268
286
292
258
269
271
277
278
281
295
299
309
310
259
263
279
284
287
289
291
297
376
270
272
300
313
315
324
328
335
362
282
288
293
298
340
290
294
296
303
305
307
312
320
304
308
311
318
319
323
330
336
344
314
322
331
341
346
351
356
370
382
316
326
329
332
339
343
363
327
333
334
337
371
338
345
347
348
349
352
353
357
390
350
358
359
360
361
377
387
395
354
364
366
367
368
375
398
401
355
369
373
374
384
391
392
396
400
408
365
372
378
379
381
404
405
411
380
388
389
397
403
409
410
412
421
426
383
385
394
406
418
419
424
437
457
386
393
413
415
425
427
430
434
439
399
407
420
422
429
435
440
441
452
468
402
414
428
438
442
451
459
416
417
423
431
432
433
436
444
449
455
458
462
443
445
447
453
454
463
475
479
446
448
450
456
461
465
473
474
477
484
523
460
467
471
476
480
487
488
490
495
497
502
520
464
466
469
478
485
509
511
516
526
470
483
486
489
472
481
491
493
496
500
512
515
482
492
494
498
501
503
517
519
527
528
499
504
505
508
510
513
524
530
506
507
514
518
521
525
529
531
532
534
536
540
542
522
535
537
543
544
547
548
550
551
552
556
561
580
533
538
539
541
549
553
554
558
560
563
571
578
588
545
555
559
562
564
565
568
570
575
582
585
619
546
566
569
573
577
583
557
567
572
574
579
608
613
576
584
586
587
590
581
591
592
597
603
605
589
593
594
595
600
606
607
628
641
656
596
599
601
610
611
615
616
618
620
647
598
602
609
612
622
624
625
629
636
652
604
617
623
632
635
640
643
657
614
621
626
627
631
639
645
651
654
677
684
630
633
634
638
653
655
660
666
680
686
689
637
642
658
663
668
692
701
644
650
659
665
672
675
693
696
711
646
648
661
662
667
673
674
683
703
649
664
669
670
671
676
698
700
704
705
710
678
681
682
685
687
691
697
702
712
714
747
679
688
690
694
695
699
713
724
726
732
763
706
707
708
709
717
718
721
727
735
749
754
715
716
719
720
723
728
730
734
737
739
743
750
751
784
722
725
729
736
741
744
753
755
756
757
758
761
762
764
778
779
731
733
740
745
746
748
752
760
773
775
780
781
785
786
791
807
738
742
765
767
768
769
770
776
783
787
811
831
759
766
771
772
774
789
790
793
794
802
803
806
810
813
816
818
777
782
788
792
795
797
798
801
805
819
822
825
829
830
835
796
800
804
809
812
814
817
824
827
828
839
844
799
808
815
820
821
823
832
833
834
860
826
836
837
838
841
842
845
848
850
852
875
892
840
843
851
854
855
857
865
867
868
880
906
846
853
856
858
864
866
869
870
889
900
919
945
847
871
876
886
894
926
849
859
861
874
901
936
862
863
872
879
898
914
927
942
873
877
878
881
885
887
891
902
907
923
925
954
882
883
884
888
895
905
890
896
899
903
904
908
922
941
893
918
931
932
897
909
959
910
928
911
912
915
962
913
916
920
921
933
917
924
929
930
937
951
979
934
935
938
947
948
950
958
961
984
939
940
944
946
949
952
966
976
988
997
943
953
956
964
967
969
973
974
1020
955
957
968
970
977
1008
960
965
975
981
985
986
992
999
1000
1009
963
982
993
994
995
998
1003
1014
1024
971
980
987
1005
1015
1017
1021
972
978
983
989
1022
1029
1052
990
991
996
1002
1023
1036
1038
1060
1083
1001
1006
1007
1010
1012
1016
1025
1044
1050
1004
1011
1019
1027
1028
1030
1042
1058
1013
1026
1031
1034
1039
1043
1049
1051
1059
1075
1088
1109
1018
1032
1037
1040
1046
1069
1033
1035
1041
1055
1061
1062
1067
1045
1048
1056
1063
1064
1066
1072
1077
1140
1047
1053
1054
1068
1070
1074
1076
1084
1087
1057
1065
1073
1078
1080
1081
1082
1085
1086
1089
1090
1098
1071
1079
1091
1092
1094
1096
1097
1099
1102
1128
1134
1093
1101
1107
1108
1113
1114
1118
1124
1095
1103
1104
1105
1115
1117
1132
1133
1146
1174
1100
1110
1111
1116
1122
1149
1152
1181
1106
1112
1119
1123
1137
1144
1161
1192
1120
1121
1125
1126
1127
1131
1136
1129
1130
1135
1138
1139
1150
1154
1157
1141
1142
1143
1145
1155
1158
1147
1148
1153
1156
1160
1162
1163
1170
1225
1151
1159
1164
1178
1182
1191
1194
1165
1166
1171
1175
1185
1187
1201
1230
1167
1168
1172
1177
1188
1193
1227
1169
1179
1180
1205
1173
1176
1183
1184
1195
1198
1212
1186
1190
1196
1197
1199
1203
1209
1217
1189
1202
1204
1206
1210
1211
1215
1221
1226
1229
1232
1200
1207
1208
1214
1216
1219
1223
1239
1242
1213
1218
1222
1234
1235
1237
1238
1241
1245
1246
1248
1269
1220
1224
1228
1233
1247
1249
1253
1266
1276
1231
1240
1244
1252
1254
1255
1257
1263
1297
1236
1243
1260
1261
1264
1265
1275
1301
1250
1262
1267
1270
1272
1277
1280
1284
1287
1318
1251
1256
1258
1282
1283
1286
1289
1292
1313
1259
1268
1271
1274
1278
1279
1285
1288
1290
1323
1273
1293
1294
1295
1299
1306
1310
1319
1321
1281
1296
1300
1304
1305
1309
1317
1326
1337
1342
1291
1298
1303
1314
1316
1339
1302
1307
1320
1340
1344
1372
1385
1308
1311
1312
1315
1327
1343
1381
1322
1324
1333
1334
1347
1359
1368
1325
1329
1336
1346
1348
1349
1354
1357
1364
1365
1371
1328
1330
1331
1338
1358
1367
1369
1373
1394
1407
1332
1335
1341
1345
1350
1351
1352
1356
1362
1379
1353
1355
1360
1363
1366
1370
1378
1421
1422
1436
1361
1375
1376
1380
1386
1387
1388
1389
1391
1401
1440
1458
1374
1377
1383
1396
1397
1398
1406
1411
1414
1438
1451
1483
1382
1392
1395
1400
1405
1408
1413
1418
1439
1384
1393
1403
1404
1409
1437
1463
1390
1399
1402
1415
1417
1420
1427
1442
1410
1412
1423
1428
1430
1431
1445
1456
1416
1424
1432
1434
1435
1446
1447
1449
1454
1462
1471
1419
1425
1433
1448
1450
1452
1453
1464
1466
1467
1479
1488
1489
1495
1426
1429
1441
1443
1465
1482
1506
1444
1455
1459
1460
1468
1470
1473
1474
1478
1457
1461
1472
1475
1477
1497
1498
1500
1508
1469
1476
1480
1481
1484
1485
1491
1510
1486
1487
1490
1492
1493
1496
1503
1504
1505
1569
1494
1499
1502
1512
1517
1518
1522
1524
1550
1558
1560
1561
1501
1507
1509
1511
1520
1526
1531
1544
1513
1514
1525
1527
1532
1565
1568
1515
1516
1519
1530
1539
1555
1576
1579
1521
1523
1528
1529
1534
1537
1540
1541
1543
1548
1573
1586
1533
1535
1536
1538
1542
1545
1549
1551
1552
1563
1564
1581
1589
1546
1547
1553
1554
1556
1562
1571
1587
1588
1604
1557
1559
1566
1584
1591
1593
1616
1567
1570
1580
1585
1594
1620
1624
1572
1582
1583
1590
1595
1596
1598
1607
1612
1626
1574
1578
1592
1597
1601
1602
1606
1610
1639
1575
1577
1599
1609
1611
1613
1614
1615
1631
1635
1644
1600
1603
1605
1608
1617
1618
1619
1621
1625
1633
1622
1628
1630
1640
1641
1642
1652
1688
1623
1627
1629
1643
1632
1636
1637
1638
1646
1660
1634
1645
1648
1653
1654
1655
1657
1667
1675
1676
1647
1649
1656
1661
1662
1663
1666
1672
1683
1689
1692
1703
1708
1650
1651
1664
1668
1687
1658
1665
1678
1679
1681
1684
1685
1694
1696
1738
1659
1669
1670
1673
1686
1695
1704
1705
1671
1674
1677
1682
1701
1710
1712
1680
1691
1693
1698
1718
1731
1746
1690
1697
1699
1700
1702
1707
1709
1711
1715
1721
1723
1724
1745
1706
1713
1714
1716
1717
1720
1725
1732
1733
1737
1740
1748
1767
1719
1726
1727
1728
1730
1736
1739
1742
1750
1751
1757
1759
1776
1777
1783
1722
1729
1735
1743
1744
1747
1749
1752
1758
1762
1765
1784
1734
1741
1753
1754
1755
1756
1760
1763
1766
1771
1775
1779
1780
1781
1787
1797
1761
1764
1768
1769
1772
1774
1785
1786
1795
1802
1803
1868
1770
1773
1782
1788
1792
1793
1796
1798
1800
1801
1805
1822
1778
1789
1799
1804
1817
1825
1790
1812
1818
1819
1830
1791
1794
1808
1809
1815
1827
1836
1806
1810
1811
1816
1831
1832
1835
1807
1813
1814
1820
1823
1826
1828
1857
1821
1824
1829
1833
1834
1840
1843
1849
1864
1877
1837
1838
1839
1851
1852
1853
1854
1861
1875
1950
1841
1844
1860
1862
1885
1842
1848
1867
1895
1845
1847
1850
1855
1856
1858
1859
1865
1869
1900
1846
1863
1866
1870
1872
1873
1874
1878
1881
1884
1890
1892
1871
1876
1879
1880
1882
1886
1887
1889
1896
1899
1905
1912
1916
1938
1883
1888
1893
1897
1908
1913
1918
1921
1957
1891
1894
1898
1901
1902
1906
1929
1954
1959
1903
1907
1909
1910
1911
1915
1922
1924
1932
1937
1945
1904
1914
1920
1923
1925
1926
1930
1933
1946
1947
1960
1961
1977
1978
1917
1928
1931
1934
1936
1941
1942
1948
1952
1964
1969
2017
2026
1919
1943
1949
1958
1963
1966
1968
1974
1990
1993
1927
1940
1953
1972
1973
1979
2001
2003
1935
1951
1955
1970
2014
2022
1939
1965
1982
2002
1944
1967
1971
1980
1992
1994
1956
1962
1988
2024
1975
1976
1981
1987
1989
1991
1996
1983
1984
1999
2005
2040
1985
1995
1997
2004
2007
2008
2009
2010
2012
2039
1986
1998
2000
2011
2013
2019
2020
2021
2025
2032
2036
2044
2006
2016
2018
2023
2027
2028
2033
2037
2046
2052
2055
2072
2015
2030
2034
2035
2043
2049
2053
2089
2095
2029
2038
2048
2050
2054
2057
2058
2066
2086
2031
2042
2045
2060
2061
2062
2065
2070
2079
2080
2088
2041
2047
2064
2077
2081
2091
2093
2102
2104
2051
2059
2063
2067
2073
2084
2092
2094
2097
2056
2071
2076
2082
2103
2106
2115
2068
2074
2085
2109
2114
2121
2122
2141
2069
2075
2078
2083
2090
2099
2107
2116
2117
2118
2135
2140
2145
2087
2098
2108
2112
2113
2134
2142
2160
2096
2105
2110
2111
2125
2128
2136
2153
2100
2101
2119
2120
2124
2130
2133
2137
2150
2170
2189
2123
2126
2127
2129
2131
2132
2138
2152
2154
2156
2161
2163
2168
2188
2139
2143
2146
2149
2162
2164
2174
2144
2147
2155
2158
2167
2171
2176
2148
2151
2159
2165
2182
2183
2185
2200
2157
2166
2169
2177
2187
2204
2206
2172
2173
2178
2180
2181
2191
2231
2175
2179
2184
2186
2190
2192
2193
2194
2196
2233
2195
2198
2199
2202
2203
2208
2209
2211
2214
2219
2220
2229
2267
2197
2201
2207
2210
2212
2213
2215
2221
2226
2253
2263
2205
2216
2222
2223
2224
2225
2228
2232
2234
2237
2217
2218
2227
2236
2238
2240
2241
2245
2259
2230
2235
2242
2243
2244
2246
2247
2248
2250
2252
2258
2260
2270
2275
2239
2249
2254
2255
2256
2257
2261
2262
2264
2266
2269
2271
2274
2276
2283
2288
2251
2265
2268
2272
2273
2277
2278
2280
2281
2282
2285
2287
2292
2293
2297
2310
2347
2279
2284
2286
2289
2290
2291
2295
2296
2299
2300
2303
2321
2323
2362
2294
2298
2301
2304
2306
2307
2308
2316
2317
2324
2325
2326
2302
2305
2309
2311
2312
2313
2318
2322
2328
2329
2331
2332
2314
2315
2320
2330
2335
2337
2340
2343
2348
2350
2356
2366
2319
2327
2336
2338
2341
2342
2352
2363
2388
2390
2333
2334
2345
2346
2349
2351
2357
2358
2372
2373
2374
2387
2395
2410
2339
2344
2353
2354
2355
2364
2368
2370
2371
2380
2381
2392
2396
2397
2425
2359
2360
2361
2369
2375
2377
2413
2418
2365
2367
2376
2379
2382
2383
2402
2407
2422
2378
2384
2385
2386
2389
2391
2394
2400
2403
2412
2414
2417
2393
2398
2399
2401
2404
2405
2406
2408
2416
2427
2428
2437
2441
2477
2409
2411
2415
2419
2421
2423
2424
2426
2430
2434
2435
2436
2420
2429
2432
2433
2439
2440
2442
2444
2445
2446
2453
2454
2431
2438
2448
2449
2455
2461
2463
2466
2472
2485
2443
2450
2451
2452
2457
2459
2460
2465
2470
2475
2447
2456
2462
2464
2468
2469
2476
2482
2526
2458
2467
2471
2473
2474
2478
2480
2481
2486
2501
2479
2483
2487
2489
2490
2492
2493
2495
2497
2500
2503
2504
2508
2517
2522
2527
2484
2488
2506
2511
2516
2518
2524
2491
2496
2499
2530
2551
2563
2494
2498
2502
2507
2513
2514
2505
2509
2510
2512
2515
2519
2541
2544
2520
2521
2525
2529
2534
2536
2537
2542
2523
2528
2533
2539
2540
2546
2548
2552
2553
2555
2566
2531
2545
2549
2557
2559
2560
2562
2532
2569
2600
2606
2617
2535
2538
2543
2547
2550
2556
2561
2567
2571
2574
2554
2558
2573
2576
2577
2579
2580
2586
2588
2589
2593
2599
2564
2565
2568
2590
2601
2616
2618
2622
2628
2570
2572
2584
2610
2667
2575
2578
2591
2592
2630
2581
2582
2583
2585
2594
2596
2602
2587
2603
2605
2607
2611
2636
2595
2597
2612
2613
2621
2626
2632
2639
2658
2598
2604
2608
2615
2620
2624
2629
2645
2646
2652
2609
2614
2619
2631
2638
2643
2666
2677
2681
2706
2623
2625
2627
2633
2634
2649
2651
2657
2635
2637
2640
2642
2644
2647
2653
2654
2661
2662
2663
2668
2670
2701
2641
2648
2650
2655
2656
2669
2671
2676
2680
2702
2659
2660
2664
2665
2672
2674
2682
2689
2703
2710
2722
2726
2673
2675
2679
2683
2684
2685
2698
2720
2724
2678
2686
2687
2688
2691
2699
2709
2711
2718
2690
2692
2693
2694
2695
2696
2697
2700
2704
2713
2721
2777
2783
2705
2707
2708
2712
2714
2715
2719
2723
2725
2736
2743
2748
2749
2716
2717
2727
2728
2732
2733
2742
2745
2747
2753
2729
2730
2731
2735
2738
2741
2746
2751
2752
2778
2790
2791
2809
2734
2737
2744
2755
2756
2760
2761
2772
2739
2750
2757
2758
2759
2766
2767
2770
2773
2774
2775
2810
2740
2762
2763
2771
2776
2780
2781
2785
2789
2824
2838
2754
2764
2769
2779
2782
2792
2798
2805
2841
2765
2768
2784
2786
2787
2804
2808
2814
2829
2788
2793
2794
2806
2811
2817
2818
2822
2880
2795
2796
2820
2827
2797
2799
2800
2802
2803
2812
2821
2801
2815
2816
2819
2825
2826
2830
2834
2836
2839
2852
2858
2807
2823
2828
2831
2833
2835
2837
2843
2851
2853
2857
2813
2832
2840
2842
2845
2846
2847
2855
2869
2875
2844
2848
2849
2854
2860
2861
2870
2886
2850
2856
2859
2862
2866
2868
2874
2876
2879
2897
2863
2865
2883
2895
2900
2908
2912
2935
2864
2867
2871
2873
2887
2905
2872
2878
2881
2882
2892
2902
2914
2940
2877
2889
2890
2891
2896
2911
2927
2929
2945
2968
2884
2888
2894
2898
2901
2904
2907
2959
2961
2885
2906
2913
2920
2921
2925
2930
2977
2893
2915
2916
2918
2926
2932
2944
2951
2899
2919
2936
2938
2943
2948
2957
2981
2903
2909
2910
2946
2964
2965
2972
2917
2922
2937
2952
2975
2923
2924
2933
2954
2978
2985
2928
2931
2934
2987
2998
3010
2939
2941
2947
2949
2953
2955
2942
2950
2956
2960
2967
2973
2974
2991
2994
2997
3009
2958
2962
2966
2969
2970
2976
2989
2990
2992
3005
3007
2963
2971
2980
2988
2996
3002
3003
3022
3034
3035
2979
2982
2984
3015
3021
2983
2986
3006
3008
3011
3019
3042
3044
3056
3091
2993
2995
2999
3000
3013
3016
3017
3031
3032
3037
3038
3040
3051
3053
3001
3004
3045
3050
3052
3073
3012
3018
3020
3023
3028
3029
3014
3024
3025
3043
3048
3063
3026
3027
3060
3064
3068
3030
3033
3036
3039
3047
3057
3065
3041
3046
3054
3055
3058
3061
3067
3079
3085
3094
3109
3049
3062
3066
3070
3071
3074
3075
3104
3110
3119
3146
3059
3069
3072
3077
3080
3086
3087
3137
3149
3076
3078
3082
3089
3093
3099
3102
3105
3081
3090
3092
3095
3100
3103
3111
3114
3117
3123
3169
3083
3088
3097
3098
3112
3113
3127
3131
3160
3084
3096
3101
3106
3115
3116
3118
3120
3121
3129
3130
3133
3107
3108
3122
3126
3132
3138
3154
3158
3162
3194
3124
3125
3135
3144
3150
3163
3173
3176
3128
3134
3136
3141
3142
3148
3168
3139
3140
3143
3145
3152
3155
3165
3166
3170
3184
3221
3147
3153
3156
3157
3159
3167
3171
3172
3180
3185
3195
3200
3151
3161
3164
3174
3175
3177
3178
3179
3181
3182
3183
3187
3189
3190
3192
3198
3202
3229
3186
3188
3191
3193
3201
3203
3205
3207
3208
3237
3240
3245
3196
3197
3204
3206
3213
3215
3222
3230
3258
3199
3209
3210
3211
3218
3226
3228
3280
3212
3216
3217
3219
3223
3224
3232
3234
3244
3253
3275
3214
3220
3225
3227
3233
3235
3246
3248
3249
3282
3319
3355
3231
3238
3239
3241
3247
3252
3263
3236
3242
3250
3254
3259
3260
3261
3264
3265
3270
3273
3277
3283
3243
3251
3255
3257
3262
3268
3269
3281
3301
3343
3256
3266
3267
3271
3272
3278
3291
3292
3304
3274
3276
3284
3285
3287
3290
3299
3308
3310
3279
3288
3289
3298
3303
3305
3311
3318
3324
3325
3332
3286
3293
3294
3297
3307
3314
3327
3328
3345
3361
3295
3296
3300
3312
3313
3317
3321
3326
3302
3306
3316
3329
3330
3331
3333
3335
3340
3344
3309
3315
3320
3336
3337
3347
3348
3354
3322
3323
3352
3362
3375
3380
3334
3338
3339
3342
3346
3350
3367
3395
3341
3349
3351
3353
3356
3357
3374
3377
3384
3391
3358
3359
3360
3364
3368
3379
3387
3415
3363
3365
3369
3370
3371
3373
3388
3394
3406
3366
3372
3376
3378
3381
3382
3383
3390
3392
3396
3397
3398
3414
3418
3385
3386
3389
3399
3400
3404
3405
3409
3413
3422
3426
3550
3393
3401
3402
3403
3407
3410
3412
3424
3429
3440
3442
3457
3408
3411
3416
3417
3419
3420
3423
3425
3427
3432
3464
3481
3421
3428
3430
3436
3450
3467
3510
3431
3434
3435
3437
3438
3439
3443
3444
3446
3454
3433
3441
3445
3447
3449
3451
3456
3458
3460
3463
3466
3468
3472
3473
3474
3478
3486
3448
3452
3453
3455
3461
3465
3469
3476
3479
3483
3509
3522
3459
3462
3470
3471
3475
3485
3487
3490
3494
3497
3499
3502
3506
3513
3521
3477
3480
3482
3484
3489
3491
3495
3496
3508
3514
3515
3516
3556
3488
3492
3493
3500
3504
3512
3518
3519
3520
3534
3537
3545
3498
3501
3503
3511
3524
3525
3529
3553
3566
3505
3507
3517
3526
3527
3528
3530
3535
3540
3541
3523
3531
3532
3542
3544
3546
3551
3555
3568
3533
3547
3557
3564
3570
3586
3589
3536
3538
3548
3558
3578
3539
3543
3567
3572
3579
3587
3645
3549
3561
3569
3575
3601
3552
3559
3565
3573
3576
3580
3554
3560
3563
3581
3584
3585
3592
3597
3603
3614
3644
3562
3574
3577
3583
3588
3591
3595
3596
3607
3652
3571
3582
3593
3594
3598
3600
3602
3604
3608
3624
3625
3634
3642
3685
3590
3599
3605
3606
3611
3615
3617
3618
3626
3630
3649
3609
3610
3613
3619
3621
3622
3627
3632
3635
3638
3646
3612
3616
3620
3636
3639
3640
3641
3650
3672
3623
3631
3633
3643
3647
3651
3653
3662
3674
3684
3628
3648
3656
3658
3659
3660
3661
3663
3673
3678
3688
3706
3629
3655
3657
3664
3665
3667
3669
3670
3675
3679
3682
3637
3666
3668
3680
3686
3689
3690
3691
3701
3708
3711
3741
3654
3671
3676
3677
3683
3687
3692
3693
3694
3705
3725
3752
3681
3695
3696
3698
3699
3700
3702
3713
3716
3720
3697
3703
3704
3709
3710
3714
3729
3749
3707
3718
3719
3722
3723
3728
3731
3734
3737
3738
3746
3751
3759
3712
3715
3717
3726
3732
3733
3735
3736
3740
3747
3774
3721
3724
3727
3730
3739
3742
3744
3748
3750
3763
3788
3843
3743
3753
3755
3757
3761
3764
3770
3848
3745
3754
3762
3772
3776
3831
3840
3756
3765
3768
3769
3773
3778
3787
3797
3758
3760
3766
3794
3796
3798
3806
3812
3818
3767
3775
3777
3781
3785
3791
3795
3799
3804
3810
3817
3771
3779
3780
3783
3784
3800
3805
3807
3813
3820
3823
3828
3837
3782
3786
3789
3790
3801
3808
3842
3792
3802
3803
3830
3851
3793
3809
3811
3814
3815
3816
3856
3819
3821
3825
3826
3827
3836
3838
3862
3873
3822
3824
3829
3833
3849
3852
3881
3832
3834
3835
3839
3841
3845
3857
3858
3859
3863
3914
3844
3846
3847
3854
3864
3866
3877
3850
3853
3861
3865
3868
3869
3870
3875
3876
3883
3894
3899
3908
3855
3860
3867
3871
3872
3878
3879
3880
3882
3884
3889
3890
3896
3912
3874
3886
3887
3888
3891
3892
3895
3897
3901
3905
3913
3928
3933
3885
3900
3903
3906
3907
3915
3917
3923
3893
3902
3916
3919
3920
3921
3924
3936
3963
3898
3910
3918
3934
3938
3946
3949
3904
3909
3922
3925
3930
3940
3941
3956
3960
3964
3911
3926
3929
3935
3945
3951
3962
3972
3981
3992
3927
3931
3932
3942
3943
3955
3957
3961
3983
4006
4019
4020
3937
3944
3947
3948
3954
3967
4045
3939
3952
3953
3958
3970
3974
3982
3991
3950
3965
3966
3969
3971
3973
3975
3980
3990
3998
3999
4000
4025
4042
3959
3968
3977
3978
3984
3994
3995
4015
3976
3979
3987
3989
4002
4055
3985
3993
4004
4008
4011
4034
3986
3988
4007
4009
4086
3996
4001
4010
4038
3997
4014
4024
4030
4003
4005
4023
4052
4058
4012
4027
4032
4037
4046
4062
4013
4040
4016
4017
4021
4018
4028
4029
4033
4041
4048
4050
4065
4067
4022
4035
4036
4044
4047
4059
4061
4071
4080
4083
4106
4142
4026
4031
4039
4043
4056
4064
4069
4074
4161
4049
4051
4053
4060
4078
4079
4054
4063
4068
4075
4077
4097
4108
4113
4057
4066
4072
4073
4082
4100
4070
4089
4093
4105
4118
4076
4081
4085
4090
4112
4084
4088
4091
4092
4099
4114
4124
4126
4134
4087
4095
4096
4109
4110
4115
4116
4121
4138
4141
4148
4190
4094
4098
4103
4122
4127
4131
4133
4137
4143
4145
4150
4152
4166
4201
4202
4219
4101
4102
4104
4125
4139
4154
4183
4199
4107
4111
4117
4128
4132
4135
4153
4155
4157
4164
4119
4120
4129
4136
4149
4162
4123
4130
4146
4151
4156
4158
4160
4165
4167
4169
4170
4172
4175
4178
4208
4217
4140
4147
4163
4171
4176
4179
4180
4182
4188
4194
4196
4197
4198
4221
4144
4159
4168
4184
4193
4200
4229
4243
4173
4177
4186
4204
4174
4181
4189
4233
4185
4191
4195
4203
4241
4259
4187
4192
4205
4214
4216
4218
4247
4255
4206
4207
4209
4210
4211
4215
4220
4240
4266
4212
4213
4223
4224
4226
4228
4235
4242
4275
4284
4222
4225
4227
4232
4234
4238
4244
4245
4246
4257
4272
4230
4231
4236
4239
4248
4249
4276
4298
4237
4250
4253
4254
4256
4258
4261
4262
4270
4271
4274
4289
4251
4263
4264
4265
4268
4269
4277
4279
4281
4283
4286
4295
4335
4252
4260
4267
4273
4278
4285
4291
4300
4309
4311
4340
4280
4282
4287
4288
4290
4293
4296
4297
4301
4319
4320
4292
4294
4302
4304
4305
4306
4310
4312
4322
4323
4325
4339
4405
4299
4303
4307
4313
4314
4315
4318
4324
4327
4328
4330
4347
4349
4308
4316
4321
4329
4337
4356
4360
4317
4343
4351
4359
4374
4326
4332
4346
4364
4372
4399
4331
4333
4338
4341
4344
4352
4373
4334
4336
4342
4345
4350
4355
4358
4401
4348
4353
4354
4357
4362
4367
4371
4375
4381
4383
4443
4361
4365
4368
4370
4379
4380
4389
4390
4391
4394
4402
4409
4415
4363
4369
4376
4377
4382
4387
4395
4412
4418
4421
4423
4366
4385
4393
4432
4378
4384
4386
4392
4397
4413
4452
4388
4396
4400
4404
4406
4407
4410
4416
4435
4398
4403
4408
4414
4419
4422
4427
4439
4411
4420
4426
4429
4438
4442
4446
4459
4417
4424
4425
4428
4430
4431
4433
4434
4437
4444
4445
4461
4472
4520
4436
4441
4447
4448
4449
4450
4455
4457
4458
4460
4462
4464
4467
4468
4480
4484
4491
4440
4451
4453
4456
4463
4465
4469
4473
4475
4486
4489
4490
4500
4507
4545
4454
4466
4470
4471
4474
4492
4493
4512
4476
4477
4479
4487
4498
4529
4478
4481
4483
4485
4494
4495
4499
4482
4488
4496
4497
4506
4510
4513
4514
4515
4523
4525
4526
4501
4502
4505
4509
4511
4516
4517
4521
4503
4504
4508
4522
4524
4528
4530
4531
4532
4542
4543
4544
4547
4565
4518
4519
4527
4533
4535
4536
4537
4539
4546
4548
4550
4568
4618
4534
4538
4541
4551
4553
4555
4558
4563
4567
4581
4587
4540
4549
4552
4556
4561
4562
4564
4570
4573
4576
4590
4554
4557
4560
4566
4569
4572
4575
4579
4559
4571
4574
4578
4580
4585
4595
4596
4604
4607
4577
4582
4583
4586
4591
4593
4600
4603
4625
4643
4584
4588
4589
4601
4605
4606
4608
4614
4617
4621
4627
4630
4655
4592
4602
4624
4635
4642
4644
4594
4597
4619
4620
4631
4636
4637
4651
4598
4599
4612
4622
4628
4638
4641
4646
4647
4665
4609
4633
4649
4661
4610
4613
4623
4657
4659
4663
4611
4654
4660
4662
4692
4701
4615
4648
4656
4658
4668
4677
4616
4666
4673
4678
4687
4691
4626
4680
4684
4629
4632
4639
4634
4652
4664
4667
4709
4757
4640
4671
4674
4645
4670
4676
4679
4700
4650
4653
4681
4682
4683
4685
4695
4696
4699
4705
4669
4672
4686
4689
4690
4694
4698
4703
4704
4708
4721
4758
4675
4688
4702
4710
4714
4715
4716
4724
4726
4746
4693
4706
4713
4717
4719
4725
4729
4733
4736
4742
4697
4707
4712
4718
4720
4727
4728
4735
4739
4744
4754
4764
4774
4800
4711
4723
4730
4734
4737
4738
4743
4745
4749
4753
4761
4768
4775
4781
4722
4731
4732
4740
4741
4747
4748
4750
4755
4766
4767
4769
4776
4789
4751
4752
4759
4762
4763
4770
4772
4777
4786
4788
4793
4797
4817
4833
4756
4760
4771
4773
4778
4779
4782
4790
4792
4794
4796
4799
4818
4825
4852
4765
4783
4784
4787
4791
4803
4804
4810
4814
4837
4780
4785
4795
4802
4822
4884
4798
4801
4806
4808
4809
4816
4834
4839
4805
4807
4811
4829
4853
4860
4877
4812
4815
4823
4824
4827
4832
4871
4880
4813
4819
4820
4821
4830
4841
4846
4849
4913
4826
4828
4838
4840
4842
4843
4844
4854
4857
4863
4868
4831
4835
4836
4845
4847
4848
4850
4855
4856
4858
4861
4866
4867
4870
4881
4851
4859
4862
4864
4873
4874
4865
4869
4872
4875
4879
4882
4883
4885
4890
4891
4892
4897
4905
4876
4878
4886
4888
4894
4895
4896
4898
4900
4901
4902
4903
4904
4918
4921
4887
4889
4899
4907
4917
4922
4929
4932
4936
4947
4893
4906
4912
4919
4920
4924
4935
4938
4939
4950
4908
4910
4915
4925
4930
4942
4948
4967
4974
4998
4909
4914
4916
4923
4926
4927
4928
4933
4940
4944
4945
4911
4937
4949
4951
4952
4954
4955
4965
4968
4980
4993
4996
5001
4931
4934
4941
4946
4957
4960
4963
4966
4971
4973
4976
4983
4943
4953
4956
4958
4962
4969
4970
4982
5004
5006
5027
4959
4961
4964
4977
4978
4984
4985
4972
4975
4979
4981
4986
4987
4990
4992
4995
5009
5011
5034
5058
4988
4989
4994
4997
4999
5002
5005
5008
5014
5018
5019
5020
4991
5000
5003
5007
5010
5012
5015
5016
5017
5024
5026
5028
5048
5013
5022
5023
5029
5032
5033
5036
5044
5045
5056
5062
5066
5105
5021
5025
5030
5035
5040
5042
5043
5047
5049
5059
5064
5083
5095
5099
5110
5031
5037
5046
5050
5057
5067
5038
5039
5051
5074
5080
5041
5054
5060
5069
5052
5055
5061
5065
5068
5156
5053
5063
5071
5073
5075
5078
5085
5087
5096
5070
5072
5076
5082
5084
5086
5089
5100
5077
5079
5081
5088
5090
5091
5093
5098
5101
5109
5122
5127
5092
5094
5097
5103
5104
5106
5116
5144
5102
5107
5108
5111
5112
5118
5128
5136
5153
5113
5114
5115
5117
5121
5133
5139
5158
5195
5119
5120
5124
5125
5126
5129
5135
5174
5123
5130
5131
5134
5137
5138
5140
5141
5142
5143
5147
5149
5167
5132
5145
5146
5150
5152
5155
5157
5160
5170
5176
5148
5151
5159
5161
5175
5177
5180
5182
5187
5192
5197
5238
5154
5163
5164
5165
5168
5169
5179
5183
5207
5208
5162
5166
5171
5178
5181
5184
5188
5191
5194
5204
5206
5172
5173
5185
5186
5189
5193
5198
5200
5211
5212
5214
5217
5225
5232
5240
5242
5265
5190
5196
5202
5203
5210
5218
5220
5236
5244
5247
5252
5355
5199
5215
5219
5254
5255
5201
5213
5226
5228
5233
5235
5259
5315
5205
5209
5216
5222
5224
5243
5294
5221
5223
5227
5230
5237
5239
5246
5249
5253
5229
5231
5234
5264
5267
5272
5300
5241
5245
5248
5251
5260
5263
5268
5309
5250
5256
5258
5275
5305
5257
5261
5269
5271
5274
5277
5278
5279
5281
5285
5262
5266
5276
5282
5284
5290
5306
5330
5351
5270
5273
5280
5298
5328
5283
5286
5287
5292
5293
5295
5301
5311
5313
5344
5288
5289
5291
5297
5299
5307
5317
5318
5319
5321
5296
5302
5308
5314
5320
5322
5323
5325
5327
5338
5354
5357
5358
5303
5312
5316
5329
5331
5333
5335
5337
5347
5304
5310
5334
5336
5340
5345
5353
5359
5362
5363
5369
5373
5415
5324
5342
5346
5375
5382
5394
5326
5341
5343
5352
5364
5387
5407
5332
5348
5350
5372
5405
5339
5349
5360
5365
5370
5377
5391
5396
5444
5356
5361
5367
5374
5376
5378
5388
5402
5411
5366
5368
5371
5380
5381
5384
5390
5393
5399
5408
5423
5379
5383
5385
5389
5395
5400
5404
5420
5441
5386
5392
5397
5403
5406
5409
5412
5413
5416
5418
5419
5424
5431
5453
5455
5483
5398
5401
5410
5422
5425
5426
5427
5428
5430
5433
5446
5450
5414
5417
5421
5429
5432
5438
5439
5443
5448
5451
5458
5460
5512
5434
5435
5437
5449
5452
5466
5475
5489
5493
5497
5436
5442
5445
5447
5463
5478
5440
5464
5470
5472
5486
5454
5457
5476
5456
5459
5467
5479
5522
5461
5523
5462
5465
5468
5469
5477
5471
5473
5474
5480
5484
5485
5487
5491
5499
5509
5567
5481
5500
5502
5506
5515
5517
5541
5482
5488
5490
5518
5540
5492
5494
5495
5498
5511
5529
5543
5496
5501
5504
5505
5507
5514
5516
5519
5524
5531
5569
5578
5503
5510
5513
5520
5525
5527
5536
5539
5546
5560
5568
5571
5508
5521
5532
5535
5552
5563
5526
5528
5530
5533
5549
5562
5534
5537
5538
5542
5545
5555
5561
5589
5591
5544
5547
5548
5554
5559
5582
5550
5564
5570
5573
5583
5593
5598
5551
5556
5566
5575
5577
5587
5615
5627
5553
5565
5576
5579
5581
5594
5557
5558
5572
5574
5580
5585
5590
5592
5597
5604
5619
5584
5596
5600
5601
5606
5609
5610
5621
5644
5679
5586
5588
5608
5616
5626
5595
5599
5602
5603
5611
5617
5620
5624
5645
5651
5654
5605
5607
5613
5614
5622
5628
5631
5646
5653
5670
5612
5618
5623
5629
5633
5634
5642
5650
5657
5663
5625
5632
5635
5638
5639
5641
5643
5647
5669
5683
5630
5636
5640
5648
5649
5652
5656
5658
5659
5661
5667
5668
5637
5655
5662
5664
5666
5671
5675
5677
5680
5688
5701
5707
5717
5660
5665
5672
5674
5676
5678
5681
5684
5685
5686
5692
5694
5705
5723
5727
5745
5673
5682
5689
5690
5691
5699
5719
5720
5726
5734
5687
5695
5696
5702
5703
5693
5698
5704
5706
5708
5710
5714
5718
5722
5736
5738
5740
5742
5746
5759
5697
5709
5712
5715
5737
5747
5764
5775
5700
5711
5713
5716
5721
5724
5725
5728
5749
5729
5730
5731
5732
5733
5735
5739
5743
5748
5751
5752
5753
5756
5777
5785
5787
5741
5744
5750
5757
5758
5763
5766
5784
5795
5754
5755
5760
5762
5765
5768
5769
5770
5771
5773
5778
5779
5781
5815
5761
5780
5782
5797
5805
5810
5860
5767
5786
5792
5796
5804
5819
5772
5776
5791
5794
5801
5807
5774
5783
5788
5798
5802
5808
5809
5816
5817
5827
5789
5790
5793
5799
5800
5806
5812
5824
5839
5849
5803
5811
5813
5814
5818
5821
5823
5825
5836
5820
5822
5826
5828
5829
5830
5833
5838
5840
5831
5832
5834
5835
5842
5846
5855
5890
5901
5837
5841
5843
5844
5845
5847
5851
5852
5867
5923
5848
5850
5854
5856
5857
5861
5862
5865
5869
5874
5904
5918
5853
5858
5859
5863
5864
5870
5871
5872
5873
5882
5891
5906
5950
5866
5868
5875
5876
5877
5878
5879
5881
5902
5917
5920
5946
5880
5883
5885
5886
5888
5889
5893
5897
5898
5903
5919
5961
5884
5887
5892
5894
5896
5908
5911
5922
5928
5895
5899
5900
5907
5912
5914
5915
5916
5927
5929
5934
5938
5905
5910
5913
5921
5933
5935
5939
5942
5951
5952
5909
5924
5925
5931
5937
5940
5949
5954
5956
5974
5997
5926
5930
5932
5936
5944
5957
5971
5941
5943
5945
5948
5955
5962
5947
5953
5958
5959
5960
5969
5970
5980
5991
5963
5977
5983
5993
5995
6014
5964
5992
5998
6000
6008
5965
5967
5968
6030
5966
5972
5973
5975
5978
6011
5976
5979
5981
5982
5984
5985
5986
5987
5989
5994
6001
6002
6005
6013
6026
6056
6063
5988
5990
5996
5999
6003
6004
6007
6016
6022
6037
6054
6006
6009
6010
6012
6015
6017
6018
6019
6027
6032
6039
6043
6050
6059
6020
6021
6023
6025
6029
6031
6036
6040
6042
6062
6070
6082
6088
6096
6113
6024
6028
6033
6034
6035
6038
6041
6047
6048
6098
6044
6045
6046
6049
6052
6055
6057
6084
6104
6117
6051
6053
6058
6060
6061
6067
6071
6077
6078
6086
6064
6065
6066
6068
6069
6072
6081
6107
6111
6130
6073
6074
6075
6085
6099
6124
6136
6142
6076
6079
6080
6089
6091
6100
6101
6103
6118
6121
6083
6087
6092
6095
6097
6105
6106
6108
6112
6126
6196
6090
6093
6094
6114
6115
6119
6120
6122
6125
6127
6135
6147
6102
6109
6110
6123
6128
6129
6131
6132
6149
6158
6173
6116
6133
6134
6137
6138
6139
6140
6143
6145
6150
6151
6154
6204
6141
6144
6146
6152
6153
6155
6160
6162
6179
6184
6202
6148
6156
6159
6163
6164
6166
6186
6209
6221
6227
6157
6161
6165
6167
6170
6172
6175
6177
6188
6201
6168
6169
6174
6176
6180
6183
6187
6190
6208
6211
6171
6178
6181
6185
6189
6191
6193
6198
6199
6200
6217
6255
6182
6192
6197
6206
6210
6212
6213
6223
6224
6229
6244
6249
6250
6259
6194
6195
6203
6205
6207
6220
6222
6228
6237
6241
6247
6214
6215
6216
6231
6233
6235
6238
6243
6252
6270
6309
6218
6219
6225
6226
6239
6240
6246
6266
6267
6230
6232
6236
6242
6253
6268
6269
6278
6284
6324
6234
6245
6248
6251
6258
6261
6272
6298
6300
6254
6256
6260
6271
6286
6303
6308
6257
6262
6274
6275
6280
6283
6288
6315
6327
6263
6264
6276
6287
6296
6297
6305
6318
6265
6273
6277
6285
6289
6293
6310
6312
6313
6322
6328
6329
6279
6281
6290
6291
6292
6301
6302
6304
6306
6314
6339
6341
6348
6282
6311
6316
6319
6323
6330
6335
6355
6365
6377
6294
6295
6307
6325
6336
6299
6317
6320
6333
6346
6321
6331
6332
6347
6370
6326
6334
6337
6338
6345
6349
6354
6357
6362
6364
6366
6375
6340
6342
6344
6350
6351
6356
6360
6361
6363
6378
6380
6383
6385
6398
6424
6343
6352
6359
6367
6376
6379
6388
6390
6353
6368
6369
6373
6381
6384
6386
6407
6413
6358
6371
6382
6387
6389
6391
6396
6410
6412
6426
6372
6374
6392
6393
6394
6395
6397
6400
6401
6402
6431
6435
6399
6403
6405
6409
6414
6415
6425
6433
6438
6404
6408
6411
6416
6417
6419
6420
6421
6423
6442
6446
6406
6418
6422
6427
6428
6429
6430
6439
6444
6449
6453
6457
6432
6434
6436
6437
6440
6443
6451
6452
6458
6464
6480
6500
6441
6447
6455
6460
6461
6463
6467
6483
6487
6492
6503
6510
6445
6450
6459
6471
6474
6478
6502
6448
6456
6462
6465
6469
6472
6473
6479
6486
6489
6521
6454
6466
6470
6475
6476
6485
6488
6490
6493
6497
6565
6468
6482
6484
6491
6494
6505
6526
6477
6495
6496
6501
6508
6509
6516
6645
6481
6498
6507
6511
6512
6519
6520
6530
6499
6504
6506
6513
6515
6518
6522
6533
6534
6536
6540
6550
6555
6514
6517
6523
6524
6528
6529
6537
6539
6541
6542
6545
6556
6525
6531
6532
6535
6538
6543
6544
6546
6547
6548
6549
6552
6566
6527
6551
6554
6557
6558
6564
6569
6571
6573
6574
6582
6583
6553
6559
6561
6563
6568
6576
6585
6586
6604
6560
6562
6567
6575
6579
6587
6589
6603
6606
6614
6570
6572
6580
6588
6607
6616
6651
6577
6578
6581
6584
6591
6593
6594
6599
6608
6610
6633
6590
6592
6595
6596
6600
6601
6602
6612
6615
6617
6624
6658
6664
6597
6598
6605
6611
6621
6634
6636
6650
6655
6609
6613
6619
6620
6625
6626
6628
6635
6641
6657
6660
6618
6622
6623
6627
6629
6630
6631
6632
6637
6638
6642
6661
6663
6639
6640
6643
6646
6647
6653
6654
6665
6644
6648
6659
6666
6668
6671
6675
6677
6678
6704
6747
6649
6656
6670
6672
6676
6681
6687
6690
6694
6652
6662
6667
6669
6673
6679
6683
6689
6715
6718
6746
6674
6680
6682
6684
6691
6693
6700
6701
6702
6705
6706
6722
6726
6736
6750
6685
6686
6688
6696
6709
6712
6713
6721
6729
6740
6761
6692
6695
6699
6711
6732
6742
6754
6697
6698
6703
6719
6731
6752
6760
6771
6777
6804
6707
6708
6716
6723
6725
6735
6783
6786
6710
6714
6724
6730
6737
6741
6758
6717
6720
6727
6743
6744
6745
6764
6728
6738
6748
6749
6751
6763
6765
6766
6769
6791
6809
6815
6733
6734
6739
6757
6773
6774
6785
6753
6755
6756
6768
6772
6775
6779
6799
6812
6829
6759
6762
6767
6770
6776
6778
6780
6781
6789
6803
6782
6784
6787
6790
6795
6798
6807
6813
6814
6822
6851
6788
6792
6793
6794
6797
6800
6802
6808
6811
6816
6837
6875
6796
6801
6805
6806
6817
6820
6821
6823
6831
6845
6853
6892
6810
6819
6824
6825
6826
6832
6839
6843
6847
6850
6818
6827
6828
6834
6840
6841
6852
6859
6861
6869
6873
6902
6830
6833
6835
6844
6848
6849
6858
6867
6836
6842
6846
6854
6855
6860
6862
6864
6868
6870
6888
6906
6915
6838
6856
6857
6865
6866
6879
6883
6886
6889
6898
6909
6924
6863
6871
6872
6876
6877
6881
6884
6887
6891
6904
6910
6874
6878
6882
6885
6890
6894
6895
6912
6913
6918
6880
6893
6896
6897
6899
6903
6917
6921
6929
6930
6934
6936
6900
6914
6920
6923
6928
6932
6951
6901
6922
6925
6905
6947
6953
6960
6907
6927
6933
6956
6908
6911
6935
6940
6965
6980
6916
6919
6937
6938
6939
6959
6978
6985
6926
6941
6942
6943
6945
6946
6949
6950
6955
6963
6964
6970
6931
6948
6952
6958
6961
6966
6968
6969
6972
6981
6983
7003
6944
6954
6962
6975
6979
6984
6986
6993
6999
7039
6957
6967
6971
6973
6987
6995
6997
7002
7033
6974
6976
6988
6992
7001
7004
7018
7047
7055
6977
6998
7005
7007
7008
7010
7025
7040
6982
6996
7006
7009
7012
7015
7019
7020
6989
6990
6994
7011
7013
7016
7017
7021
7023
7024
7027
7043
6991
7022
7026
7030
7031
7037
7038
7048
7049
7062
7090
7000
7014
7028
7029
7032
7034
7041
7046
7050
7051
7070
7081
7035
7036
7044
7045
7052
7053
7057
7058
7060
7071
7089
7042
7054
7056
7084
7086
7095
7059
7064
7068
7072
7078
7079
7091
7061
7066
7069
7077
7082
7143
7063
7073
7074
7092
7094
7065
7075
7087
7093
7099
7103
7137
7067
7076
7083
7088
7096
7121
7080
7085
7097
7100
7102
7105
7111
7112
7098
7104
7106
7107
7108
7114
7123
7124
7130
7131
7101
7109
7110
7113
7115
7116
7127
7145
7117
7120
7126
7132
7134
7135
7139
7118
7122
7125
7129
7133
7140
7141
7142
7144
7159
7119
7136
7146
7147
7156
7162
7169
7172
7128
7150
7155
7193
7138
7148
7152
7153
7157
7165
7149
7154
7160
7174
7179
7205
7151
7158
7175
7180
7183
7214
7161
7163
7164
7166
7167
7170
7182
7184
7190
7204
7168
7171
7173
7177
7185
7189
7192
7201
7206
7207
7241
7176
7178
7181
7196
7202
7209
7210
7212
7220
7221
7223
7224
7292
7186
7187
7188
7195
7198
7199
7203
7213
7217
7219
7232
7307
7191
7194
7200
7211
7222
7228
7230
7233
7242
7197
7208
7215
7216
7231
7236
7239
7240
7249
7260
7218
7225
7227
7238
7247
7256
7266
7328
7226
7237
7252
7253
7263
7265
7272
7229
7244
7248
7270
7324
7234
7235
7243
7246
7264
7289
7291
7245
7250
7251
7254
7255
7259
7273
7334
7257
7258
7261
7268
7269
7274
7276
7325
7262
7267
7271
7275
7277
7278
7279
7283
7280
7281
7284
7285
7286
7290
7312
7314
7282
7287
7288
7293
7295
7309
7315
7316
7317
7318
7339
7294
7297
7299
7301
7304
7319
7321
7330
7346
7356
7296
7298
7302
7306
7311
7327
7333
7344
7347
7348
7365
7300
7303
7305
7308
7310
7326
7340
7358
7366
7313
7322
7323
7329
7331
7332
7338
7355
7368
7372
7377
7385
7320
7335
7336
7342
7343
7349
7350
7354
7362
7370
7373
7337
7351
7352
7361
7363
7369
7374
7404
7341
7353
7357
7364
7371
7375
7376
7378
7379
7380
7381
7382
7384
7390
7392
7345
7359
7360
7383
7386
7393
7396
7398
7411
7414
7367
7387
7391
7394
7400
7405
7408
7412
7413
7416
7423
7425
7428
7432
7388
7389
7395
7397
7399
7417
7422
7426
7401
7402
7403
7406
7407
7418
7419
7420
7421
7427
7430
7436
7453
7465
7409
7410
7415
7424
7434
7435
7439
7443
7444
7445
7466
7480
7481
7429
7431
7433
7437
7438
7441
7448
7452
7459
7464
7468
7482
7486
7499
7440
7442
7446
7447
7449
7450
7457
7458
7470
7484
7491
7518
7528
7451
7455
7456
7460
7463
7467
7474
7494
7535
7560
7454
7461
7462
7473
7476
7478
7487
7489
7492
7469
7471
7475
7477
7479
7483
7485
7496
7498
7503
7508
7520
7531
7472
7488
7490
7497
7500
7502
7504
7505
7509
7510
7542
7493
7495
7501
7506
7512
7516
7517
7527
7536
7537
7539
7565
7507
7511
7514
7519
7521
7524
7530
7534
7543
7513
7515
7522
7525
7529
7532
7552
7556
7557
7561
7572
7523
7526
7540
7544
7545
7547
7549
7550
7555
7559
7563
7587
7604
7533
7538
7546
7558
7568
7574
7541
7548
7553
7562
7564
7567
7579
7582
7551
7566
7569
7571
7593
7594
7597
7610
7619
7554
7570
7573
7575
7577
7601
7576
7578
7580
7583
7596
7598
7581
7584
7586
7590
7591
7595
7599
7630
7585
7588
7592
7600
7602
7603
7605
7606
7611
7612
7616
7621
7589
7607
7608
7609
7613
7614
7617
7622
7623
7625
7629
7634
7635
7641
7642
7651
7669
7615
7618
7620
7626
7627
7628
7636
7638
7640
7653
7689
7696
7624
7632
7633
7639
7643
7646
7649
7652
7654
7659
7666
7701
7631
7637
7644
7645
7647
7650
7655
7656
7657
7688
7700
7648
7658
7660
7662
7664
7670
7675
7676
7661
7663
7665
7671
7677
7678
7682
7683
7685
7692
7713
7667
7668
7672
7674
7679
7680
7684
7686
7687
7691
7697
7702
7704
7716
7718
7673
7681
7690
7693
7695
7698
7699
7705
7707
7708
7717
7720
7729
7736
7761
7694
7706
7709
7711
7712
7714
7719
7731
7739
7744
7770
7703
7722
7723
7728
7757
7710
7715
7724
7748
7773
7721
7725
7726
7727
7732
7733
7758
7730
7734
7735
7737
7740
7741
7742
7747
7752
7738
7743
7745
7749
7750
7751
7765
7769
7774
7746
7753
7756
7805
7754
7759
7762
7764
7778
7780
7755
7760
7763
7766
7767
7768
7781
7782
7771
7772
7779
7784
7785
7790
7797
7798
7775
7776
7783
7794
7796
7777
7787
7793
7800
7806
7812
7786
7788
7792
7795
7809
7811
7814
7827
7789
7791
7802
7803
7810
7815
7817
7825
7836
7852
7799
7804
7807
7816
7821
7822
7826
7829
7848
7801
7808
7813
7823
7828
7841
7862
7818
7824
7832
7835
7838
7839
7876
7819
7840
7842
7853
7859
7888
7907
7820
7830
7831
7865
7866
7869
7905
7833
7843
7846
7851
7860
7901
7834
7845
7861
7867
7870
7877
7882
7897
7837
7844
7847
7849
7857
7858
7868
7871
7872
7887
7889
7850
7854
7856
7875
7879
7886
7891
7906
7855
7863
7873
7881
7883
7893
7900
7903
7864
7878
7880
7885
7890
7892
7908
7917
7930
7943
7874
7884
7894
7895
7902
7909
7911
7950
7896
7898
7899
7904
7910
7912
7914
7915
7922
7923
7925
7927
7913
7919
7920
7921
7928
7931
7932
7934
7938
7939
7968
7916
7918
7924
7936
7940
7946
7948
7949
7954
7962
7926
7929
7933
7935
7942
7961
7937
7941
7944
7947
7951
7953
7955
7963
7969
7977
7978
7982
8001
7945
7952
7957
7958
7959
7964
7965
7966
7972
7981
8004
8009
7956
7960
7967
7971
7974
7976
7987
7994
7997
8015
8027
7970
7973
7975
7979
7980
7983
7984
7988
7989
8021
7985
7986
7993
7995
7996
7999
8012
8019
7990
7991
7998
8000
8003
8005
8007
8018
8078
7992
8006
8008
8011
8013
8016
8017
8023
8024
8031
8051
8002
8010
8020
8022
8025
8026
8032
8033
8035
8041
8064
8014
8028
8036
8044
8047
8048
8061
8069
8029
8030
8037
8038
8042
8045
8049
8084
8034
8039
8043
8050
8053
8056
8063
8076
8085
8086
8040
8046
8052
8054
8058
8068
8071
8081
8082
8088
8055
8057
8060
8062
8065
8070
8073
8074
8077
8091
8093
8059
8066
8067
8072
8079
8083
8090
8094
8101
8108
8121
8075
8080
8087
8089
8098
8104
8107
8112
8114
8125
8092
8099
8102
8119
8095
8096
8097
8100
8103
8138
8140
8105
8106
8110
8124
8126
8127
8130
8139
8109
8113
8117
8122
8133
8150
8151
8111
8115
8116
8129
8135
8145
8176
8188
8212
8118
8120
8128
8132
8134
8123
8136
8137
8142
8143
8146
8149
8157
8159
8164
8165
8131
8141
8147
8152
8161
8162
8169
8170
8185
8206
8144
8148
8154
8156
8168
8173
8178
8182
8187
8153
8160
8163
8167
8172
8180
8184
8155
8158
8186
8189
8198
8166
8171
8177
8183
8199
8201
8203
8214
8218
8174
8175
8181
8191
8192
8204
8179
8193
8196
8200
8205
8208
8227
8232
8248
8190
8195
8207
8213
8234
8247
8194
8197
8202
8215
8217
8221
8222
8223
8236
8209
8210
8216
8220
8225
8228
8231
8239
8244
8255
8263
8211
8219
8224
8226
8229
8233
8237
8243
8258
8269
8230
8235
8242
8246
8250
8252
8253
8254
8262
8282
8238
8240
8241
8245
8249
8251
8256
8267
8270
8274
8280
8285
8286
8298
8257
8259
8260
8264
8265
8266
8271
8272
8277
8278
8279
8261
8268
8276
8281
8284
8293
8296
8299
8301
8273
8275
8283
8287
8288
8291
8292
8295
8297
8306
8309
8310
8314
8289
8290
8300
8304
8305
8311
8312
8315
8325
8342
8294
8302
8307
8308
8319
8320
8326
8361
8368
8388
8303
8313
8316
8321
8323
8330
8333
8335
8338
8340
8355
8317
8318
8322
8324
8331
8332
8337
8358
8372
8405
8327
8328
8329
8334
8336
8339
8348
8353
8363
8341
8343
8344
8354
8356
8357
8366
8375
8394
8345
8346
8351
8365
8374
8376
8386
8397
8347
8349
8350
8352
8359
8377
8382
8387
8389
8360
8362
8370
8378
8392
8400
8408
8413
8422
8364
8367
8369
8371
8379
8390
8421
8439
8373
8380
8381
8383
8384
8385
8391
8396
8393
8395
8398
8399
8402
8406
8407
8411
8414
8419
8423
8448
8401
8403
8404
8410
8415
8424
8425
8427
8433
8446
8409
8412
8416
8417
8420
8438
8441
8445
8451
8418
8426
8429
8430
8432
8434
8444
8466
8487
8499
8428
8431
8435
8436
8437
8442
8447
8449
8452
8453
8476
8440
8443
8450
8458
8460
8461
8462
8464
8469
8454
8455
8463
8477
8527
8456
8457
8465
8467
8472
8491
8459
8468
8473
8478
8479
8480
8482
8484
8504
8559
8470
8474
8475
8485
8486
8488
8492
8471
8481
8483
8489
8490
8494
8502
8505
8528
8493
8495
8496
8497
8500
8503
8507
8513
8515
8517
8518
8526
8534
8498
8501
8508
8511
8521
8522
8524
8530
8539
8545
8591
8506
8510
8512
8514
8531
8537
8552
8570
8509
8516
8519
8533
8536
8553
8520
8523
8542
8546
8548
8525
8529
8535
8540
8554
8532
8538
8541
8543
8544
8550
8551
8561
8565
8569
8572
8573
8574
8547
8549
8556
8557
8558
8564
8578
8587
8592
8605
8608
8616
8555
8560
8566
8568
8571
8594
8598
8609
8639
8562
8567
8575
8580
8588
8593
8600
8563
8576
8579
8583
8596
8603
8635
8577
8581
8584
8599
8601
8606
8607
8613
8666
8582
8585
8586
8589
8602
8617
8619
8627
8629
8689
8590
8595
8597
8612
8614
8615
8620
8623
8628
8660
8604
8611
8618
8631
8637
8640
8643
8650
8610
8621
8625
8638
8644
8645
8646
8686
8622
8624
8630
8654
8672
8626
8632
8634
8642
8647
8648
8671
8633
8636
8641
8649
8652
8653
8655
8663
8668
8682
8726
8651
8657
8658
8659
8665
8673
8674
8680
8681
8693
8703
8656
8661
8667
8670
8675
8677
8679
8684
8687
8688
8698
8700
8715
8662
8664
8669
8678
8685
8690
8691
8695
8699
8730
8738
8676
8683
8694
8701
8702
8706
8707
8692
8697
8711
8712
8714
8716
8717
8719
8720
8725
8768
8696
8705
8722
8723
8724
8728
8736
8739
8740
8704
8708
8709
8710
8732
8737
8745
8751
8760
8713
8718
8721
8727
8729
8733
8735
8742
8753
8762
8731
8734
8741
8743
8744
8746
8750
8754
8756
8779
8781
8804
8747
8748
8749
8752
8755
8757
8758
8761
8763
8764
8769
8774
8792
8876
8759
8765
8767
8773
8775
8776
8778
8780
8785
8786
8811
8766
8770
8771
8782
8787
8788
8791
8812
8818
8832
8772
8783
8793
8794
8797
8801
8808
8819
8853
8777
8784
8789
8795
8799
8813
8815
8830
8834
8790
8796
8800
8802
8805
8806
8814
8822
8828
8835
8857
8798
8803
8816
8820
8823
8826
8836
8842
8850
8859
8866
8884
8807
8809
8824
8831
8838
8843
8846
8874
8810
8821
8825
8827
8837
8840
8844
8845
8878
8881
8817
8829
8839
8841
8847
8851
8860
8863
8864
8870
8872
8833
8848
8849
8852
8855
8856
8861
8862
8869
8886
8854
8858
8865
8875
8877
8879
8883
8887
8896
8899
8903
8916
8967
8867
8868
8871
8893
8902
8934
8873
8880
8888
8895
8900
8917
8932
8882
8897
8904
8905
8908
8914
8885
8889
8894
8898
8901
8907
8909
8911
8912
8915
8920
8921
8955
8890
8892
8913
8919
8933
8935
8963
8891
8922
8924
8931
8948
8906
8923
8926
8938
8939
8975
8910
8918
8936
8946
8947
8949
8925
8941
8942
8951
8956
8927
8928
8929
8940
8944
8954
8980
8930
8950
8952
8953
8957
8962
8964
8968
8971
8974
8985
9032
8937
8943
8958
8960
8961
8969
8970
8972
8973
8977
9001
8945
8959
8966
8978
8979
8983
8984
8996
9003
9008
8965
8976
8986
8987
8989
8991
8994
8997
9006
8981
8982
8988
8990
9004
9009
9012
9014
9042
9051
9056
8992
8993
8995
8999
9000
9002
9016
9017
9019
9034
9038
9055
8998
9005
9007
9010
9013
9020
9024
9037
9039
9046
9011
9015
9021
9022
9025
9026
9028
9068
9018
9023
9027
9029
9030
9033
9036
9041
9043
9044
9057
9079
9031
9035
9040
9045
9047
9048
9050
9062
9069
9090
9049
9052
9054
9058
9061
9064
9070
9080
9101
9053
9060
9063
9065
9067
9072
9075
9082
9121
9059
9066
9071
9073
9074
9076
9081
9085
9093
9095
9077
9078
9083
9086
9088
9092
9106
9112
9147
9084
9087
9102
9103
9120
9126
9089
9094
9096
9099
9104
9113
9129
9091
9097
9098
9100
9122
9125
9127
9133
9153
9160
9105
9108
9116
9134
9150
9165
9107
9109
9110
9114
9118
9123
9137
9140
9144
9156
9111
9115
9124
9128
9132
9135
9136
9141
9145
9152
9170
9171
9175
9117
9119
9138
9139
9142
9151
9154
9155
9157
9167
9173
9176
9182
9184
9130
9131
9143
9146
9158
9159
9162
9168
9199
9148
9161
9164
9172
9177
9183
9203
9234
9149
9166
9169
9178
9179
9181
9185
9193
9202
9226
9163
9174
9180
9186
9187
9190
9194
9195
9198
9216
9188
9189
9196
9204
9206
9208
9209
9211
9213
9219
9191
9197
9200
9201
9205
9210
9214
9217
9223
9243
9256
9192
9207
9212
9218
9220
9221
9224
9227
9235
9215
9222
9225
9228
9231
9237
9238
9240
9245
9246
9248
9251
9229
9242
9244
9249
9250
9258
9261
9268
9276
9286
9292
9230
9232
9255
9257
9262
9279
9281
9323
9233
9236
9241
9270
9274
9280
9287
9339
9239
9247
9252
9253
9264
9271
9273
9308
9254
9259
9260
9263
9265
9269
9284
9285
9293
9301
9266
9267
9272
9275
9277
9282
9294
9298
9326
9351
9278
9283
9288
9290
9291
9295
9297
9303
9304
9305
9313
9316
9321
9337
9348
9412
9289
9306
9307
9310
9312
9314
9318
9322
9342
9349
9362
9296
9300
9302
9309
9315
9324
9329
9331
9333
9336
9358
9380
9299
9311
9317
9320
9328
9330
9332
9335
9343
9355
9359
9364
9366
9371
9319
9325
9334
9338
9340
9341
9346
9350
9363
9368
9327
9344
9345
9347
9354
9356
9365
9381
9392
9422
9352
9353
9357
9360
9367
9369
9375
9417
9423
9485
9361
9370
9373
9377
9378
9379
9382
9385
9391
9393
9372
9374
9376
9383
9384
9387
9395
9404
9386
9389
9394
9396
9399
9402
9408
9421
9388
9390
9403
9406
9414
9397
9398
9407
9418
9425
9428
9400
9420
9427
9429
9401
9409
9410
9430
9432
9436
9405
9411
9419
9431
9442
9413
9415
9416
9424
9438
9455
9458
9426
9433
9434
9439
9440
9441
9447
9461
9435
9437
9443
9445
9450
9453
9444
9448
9449
9452
9454
9456
9478
9488
9494
9446
9451
9459
9460
9470
9475
9479
9481
9491
9541
9457
9462
9463
9464
9468
9469
9476
9480
9496
9465
9466
9467
9473
9484
9486
9498
9502
9511
9471
9472
9474
9477
9482
9489
9490
9493
9499
9506
9483
9487
9492
9495
9500
9501
9503
9508
9513
9527
9497
9504
9507
9509
9510
9512
9514
9515
9520
9522
9526
9528
9531
9532
9539
9542
9546
9552
9505
9516
9521
9525
9530
9534
9535
9536
9547
9550
9565
9566
9572
9517
9518
9519
9524
9529
9537
9540
9549
9553
9567
9523
9538
9543
9544
9548
9551
9556
9557
9558
9533
9545
9554
9561
9562
9564
9573
9577
9579
9580
9581
9600
9626
9555
9559
9570
9578
9582
9587
9598
9614
9560
9569
9571
9589
9607
9609
9616
9617
9620
9632
9563
9584
9599
9601
9603
9613
9568
9574
9575
9576
9590
9591
9593
9624
9583
9585
9588
9592
9594
9621
9627
9586
9595
9597
9637
9641
9652
9596
9602
9604
9605
9606
9622
9629
9664
9608
9611
9612
9615
9618
9633
9634
9635
9636
9639
9643
9610
9619
9623
9640
9642
9654
9681
9625
9628
9647
9648
9659
9663
9668
9676
9703
9630
9644
9686
9631
9638
9653
9669
9645
9646
9649
9650
9655
9666
9673
9691
9651
9657
9658
9661
9672
9678
9682
9684
9707
9656
9662
9667
9670
9674
9679
9680
9687
9706
9660
9665
9677
9685
9689
9695
9696
9705
9709
9710
9711
9671
9690
9694
9704
9728
9732
9675
9702
9720
9743
9748
9683
9714
9723
9757
9688
9692
9693
9717
9758
9697
9698
9699
9700
9708
9712
9713
9729
9701
9715
9716
9718
9719
9731
9733
9736
9740
9741
9770
9772
9721
9722
9724
9725
9726
9730
9738
9742
9763
9779
9727
9735
9744
9745
9746
9747
9751
9756
9768
9734
9737
9739
9749
9752
9754
9767
9776
9783
9750
9753
9755
9760
9761
9762
9764
9786
9790
9759
9765
9766
9769
9771
9775
9778
9787
9806
9773
9774
9777
9780
9781
9782
9789
9791
9792
9795
9796
9799
9814
9784
9785
9793
9794
9801
9803
9807
9808
9810
9812
9920
9788
9797
9798
9802
9811
9815
9816
9846
9800
9804
9805
9817
9818
9819
9822
9827
9845
9809
9813
9820
9821
9824
9825
9829
9832
9837
9841
9847
9866
9823
9826
9830
9833
9834
9835
9836
9849
9851
9852
9853
9859
9828
9831
9838
9839
9840
9844
9850
9855
9857
9858
9868
9875
9880
9883
9889
9905
9842
9848
9854
9856
9862
9863
9865
9869
9843
9861
9867
9870
9871
9898
9907
9916
9923
9860
9864
9881
9891
9893
9897
9872
9873
9874
9878
9887
9890
9876
9877
9882
9892
9894
9918
9879
9884
9888
9896
9904
9909
9930
9946
9885
9910
9917
9919
9932
9886
9895
9914
9924
9899
9900
9901
9902
9908
9934
9956
9903
9906
9911
9912
9915
9921
9926
9931
9933
9937
9913
9922
9925
9935
9941
9945
9952
9954
9976
9998
9927
9928
9936
9942
9948
9949
9958
9959
9929
9938
9939
9940
9943
9947
9955
9957
9962
9964
9967
9973
9984
9944
9950
9951
9953
9963
9965
9966
9970
9971
9977
9986
9989
9993
9960
9961
9968
9972
9975
9985
9987
9992
9995
9969
9974
9979
9980
10000
9978
9981
9982
9983
9994
9988
9990
9991
9996
9999
9997
